1,2789971
2,89948858
3,102334021
4,72852045
5,42497158
6,22274450
7,11270050
8,5898100
9,3292900
10,1870100
11,1068300
12,659150
13,424250
14,286900
15,198700
16,141750
17,104950
18,121750
19,62750
20,53700
21,63600
22,32500
23,23950
24,21750
25,18050
26,16800
27,14450
28,14050
29,12350
30,11950
31,11100
32,9450
33,9800
34,8500
35,7950
36,7300
37,7450
38,8500
39,7400
40,6750
41,7950
42,8250
43,7700
44,8700
45,9150
46,7400
47,8100
48,7900
49,7300
50,6400
51,5650
52,4300
53,3250
54,3500
55,3300
56,2950
57,2150
58,1000
59,1750
60,2600
61,1400
62,1250
63,950
64,650
65,500
66,450
67,250
68,300
69,450
70,650
71,500
72,500
73,350
74,200
75,350
76,250
77,750
78,1400
79,350
80,450
81,650
82,400
83,650
84,200
85,300
86,500
87,300
88,450
89,450
90,350
91,300
92,150
93,200
94,150
95,150
96,250
97,250
98,300
99,50
100,300
101,50
102,50
106,300
107,100
110,100
111,50
112,50
115,50
128,50
131,50
132,100
135,50
138,50
146,100
150,100
151,100
152,50
153,50
158,50
162,50
167,150
193,50
209,50
245,50
