1,647375
2,17421326
3,20446441
4,14570295
5,8499430
6,4454890
7,2254010
8,1179620
9,658580
10,374020
11,213660
12,131830
13,84850
14,57380
15,39740
16,28350
17,20990
18,24350
19,12550
20,10740
21,12720
22,6500
23,4790
24,4350
25,3610
26,3360
27,2890
28,2810
29,2470
30,2390
31,2220
32,1890
33,1960
34,1700
35,1590
36,1460
37,1490
38,1700
39,1480
40,1350
41,1590
42,1650
43,1540
44,1740
45,1830
46,1480
47,1620
48,1580
49,1460
50,1280
51,1130
52,860
53,650
54,700
55,660
56,590
57,430
58,200
59,350
60,520
61,280
62,250
63,190
64,130
65,100
66,90
67,50
68,60
69,90
70,130
71,100
72,100
73,70
74,40
75,70
76,50
77,150
78,280
79,70
80,90
81,130
82,80
83,130
84,40
85,60
86,100
87,60
88,90
89,90
90,70
91,60
92,30
93,40
94,30
95,30
96,50
97,50
98,60
99,10
100,60
101,10
102,10
106,60
107,20
110,20
111,10
112,10
115,10
128,10
131,10
132,20
135,10
138,10
146,20
150,20
151,20
152,10
153,10
158,10
162,10
167,30
193,10
209,10
245,10
