1,52
2,17309
3,198312
4,354760
5,358313
6,314964
7,259440
8,221980
9,182310
10,153770
11,131140
12,110640
13,95810
14,81060
15,69360
16,60990
17,52980
18,43520
19,37090
20,33580
21,28450
22,24780
23,21890
24,18790
25,16240
26,14440
27,11940
28,10580
29,9790
30,8540
31,6930
32,6230
33,5250
34,4720
35,4310
36,3600
37,3370
38,3140
39,2620
40,2270
41,2180
42,1610
43,1720
44,1310
45,1470
46,1130
47,1020
48,800
49,1030
50,730
51,730
52,570
53,510
54,570
55,390
56,440
57,370
58,360
59,260
60,250
61,210
62,320
63,170
64,210
65,210
66,180
67,90
68,110
69,150
70,70
71,100
72,130
73,100
74,100
75,80
76,70
77,70
78,50
79,70
80,10
81,30
82,50
83,50
84,50
85,70
86,40
87,10
88,10
89,10
90,10
91,20
92,10
93,30
94,10
96,20
97,40
98,10
99,10
100,10
101,10
102,20
103,30
104,30
105,20
106,10
107,20
108,10
109,10
110,10
115,10
116,10
119,10
120,10
121,20
122,10
124,40
128,10
133,20
134,10
137,10
143,10
164,10
