1,1358
2,132037
3,1036757
4,1776279
5,1791567
6,1574808
7,1297200
8,1109900
9,911550
10,768850
11,655700
12,553200
13,479050
14,405300
15,346800
16,304950
17,264900
18,217600
19,185450
20,167900
21,142250
22,123900
23,109450
24,93950
25,81200
26,72200
27,59700
28,52900
29,48950
30,42700
31,34650
32,31150
33,26250
34,23600
35,21550
36,18000
37,16850
38,15700
39,13100
40,11350
41,10900
42,8050
43,8600
44,6550
45,7350
46,5650
47,5100
48,4000
49,5150
50,3650
51,3650
52,2850
53,2550
54,2850
55,1950
56,2200
57,1850
58,1800
59,1300
60,1250
61,1050
62,1600
63,850
64,1050
65,1050
66,900
67,450
68,550
69,750
70,350
71,500
72,650
73,500
74,500
75,400
76,350
77,350
78,250
79,350
80,50
81,150
82,250
83,250
84,250
85,350
86,200
87,50
88,50
89,50
90,50
91,100
92,50
93,150
94,50
96,100
97,200
98,50
99,50
100,50
101,50
102,100
103,150
104,150
105,100
106,50
107,100
108,50
109,50
110,50
115,50
116,50
119,50
120,50
121,100
122,50
124,200
128,50
133,100
134,50
137,50
143,50
164,50
