15,150
16,2200
17,5800
18,16900
19,36900
20,71400
21,120000
22,173650
23,215550
24,217850
25,198800
26,167500
27,139900
28,112150
29,82400
30,60600
31,41150
32,32200
33,21000
34,18700
35,12900
36,10950
37,8600
38,7100
39,8400
40,5850
41,6550
42,5600
43,6250
44,5250
45,5950
46,6350
47,6850
48,6700
49,7050
50,6650
51,7000
52,9100
53,9650
54,9650
55,11050
56,10600
57,10600
58,12150
59,11900
60,11950
61,13150
62,14150
63,14750
64,15000
65,16050
66,16150
67,16700
68,18000
69,17700
70,19900
71,18650
72,21150
73,19250
74,21450
75,21150
76,20500
77,26400
78,26350
79,27400
80,27300
81,26250
82,28500
83,28350
84,29750
85,30800
86,30700
87,30100
88,32850
89,32000
90,31600
91,34600
92,33200
93,32150
94,34100
95,37700
96,34800
97,36350
98,36500
99,38450
100,37550
101,35150
102,35650
103,35950
104,35650
105,35800
106,38350
107,38650
108,38050
109,36800
110,39000
111,37800
112,36750
113,37400
114,35800
115,35000
116,36350
117,35950
118,36100
119,35750
120,34950
121,33600
122,32800
123,31850
124,31250
125,32300
126,34150
127,29800
128,31750
129,29300
130,30800
131,26850
132,25650
133,26750
134,27050
135,26550
136,28000
137,26950
138,24750
139,23900
140,22750
141,20950
142,21650
143,20950
144,20750
145,19950
146,19350
147,19850
148,18550
149,19950
150,19250
151,16650
152,16200
153,14350
154,15350
155,13800
156,15000
157,13300
158,13750
159,12700
160,12850
161,12100
162,12700
163,12350
164,12050
165,11250
166,11350
167,8700
168,9450
169,9400
170,8350
171,9650
172,8850
173,8650
174,8200
175,7750
176,7400
177,6950
178,6350
179,6500
180,6800
181,5800
182,4900
183,4200
184,5000
185,5250
186,4950
187,4600
188,4150
189,3250
190,4400
191,3800
192,3500
193,3250
194,3700
195,3300
196,3800
197,2500
198,3250
199,2800
200,3050
201,2000
202,2750
203,2400
204,2650
205,2250
206,2000
207,2000
208,1700
209,1700
210,1500
211,1650
212,1500
213,2050
214,2450
215,1500
216,950
217,1100
218,1550
219,1150
220,1700
221,1050
222,950
223,1100
224,1150
225,950
226,900
227,850
228,850
229,900
230,700
231,1250
232,1000
233,850
234,1250
235,1000
236,550
237,900
238,1000
239,500
240,700
241,800
242,550
243,650
244,650
245,650
246,400
247,700
248,450
249,400
250,700
251,650
252,550
253,400
254,250
255,450
256,300
257,300
258,400
259,500
260,300
261,300
262,250
263,200
264,200
265,300
266,350
267,300
268,250
269,450
270,350
271,250
272,100
273,250
274,250
275,200
276,250
277,200
278,150
279,100
280,100
281,300
282,200
283,200
284,150
285,100
286,150
287,100
288,200
289,150
290,150
291,100
292,50
293,200
294,150
295,150
296,150
297,100
298,200
299,100
300,50
301,250
302,250
303,200
305,150
306,150
307,50
308,50
309,100
310,50
311,100
313,150
314,100
317,100
318,50
319,50
321,100
322,50
324,50
325,100
326,50
327,100
328,50
335,50
339,200
340,50
342,100
343,50
344,50
346,50
348,50
364,100
368,50
373,50
376,100
379,100
382,50
383,50
385,50
389,50
394,50
398,50
404,50
413,50
417,50
422,50
434,50
436,50
444,50
450,50
454,50
495,50
504,50
546,50
550,50
869,50
