15,30
16,440
17,1160
18,3380
19,7380
20,14280
21,24000
22,34730
23,43110
24,43570
25,39760
26,33500
27,27980
28,22430
29,16480
30,12120
31,8230
32,6440
33,4200
34,3740
35,2580
36,2190
37,1720
38,1420
39,1680
40,1170
41,1310
42,1120
43,1250
44,1050
45,1190
46,1270
47,1370
48,1340
49,1410
50,1330
51,1400
52,1820
53,1930
54,1930
55,2210
56,2120
57,2120
58,2430
59,2380
60,2390
61,2630
62,2830
63,2950
64,3000
65,3210
66,3230
67,3340
68,3600
69,3540
70,3980
71,3730
72,4230
73,3850
74,4290
75,4230
76,4100
77,5280
78,5270
79,5480
80,5460
81,5250
82,5700
83,5670
84,5950
85,6160
86,6140
87,6020
88,6570
89,6400
90,6320
91,6920
92,6640
93,6430
94,6820
95,7540
96,6960
97,7270
98,7300
99,7690
100,7510
101,7030
102,7130
103,7190
104,7130
105,7160
106,7670
107,7730
108,7610
109,7360
110,7800
111,7560
112,7350
113,7480
114,7160
115,7000
116,7270
117,7190
118,7220
119,7150
120,6990
121,6720
122,6560
123,6370
124,6250
125,6460
126,6830
127,5960
128,6350
129,5860
130,6160
131,5370
132,5130
133,5350
134,5410
135,5310
136,5600
137,5390
138,4950
139,4780
140,4550
141,4190
142,4330
143,4190
144,4150
145,3990
146,3870
147,3970
148,3710
149,3990
150,3850
151,3330
152,3240
153,2870
154,3070
155,2760
156,3000
157,2660
158,2750
159,2540
160,2570
161,2420
162,2540
163,2470
164,2410
165,2250
166,2270
167,1740
168,1890
169,1880
170,1670
171,1930
172,1770
173,1730
174,1640
175,1550
176,1480
177,1390
178,1270
179,1300
180,1360
181,1160
182,980
183,840
184,1000
185,1050
186,990
187,920
188,830
189,650
190,880
191,760
192,700
193,650
194,740
195,660
196,760
197,500
198,650
199,560
200,610
201,400
202,550
203,480
204,530
205,450
206,400
207,400
208,340
209,340
210,300
211,330
212,300
213,410
214,490
215,300
216,190
217,220
218,310
219,230
220,340
221,210
222,190
223,220
224,230
225,190
226,180
227,170
228,170
229,180
230,140
231,250
232,200
233,170
234,250
235,200
236,110
237,180
238,200
239,100
240,140
241,160
242,110
243,130
244,130
245,130
246,80
247,140
248,90
249,80
250,140
251,130
252,110
253,80
254,50
255,90
256,60
257,60
258,80
259,100
260,60
261,60
262,50
263,40
264,40
265,60
266,70
267,60
268,50
269,90
270,70
271,50
272,20
273,50
274,50
275,40
276,50
277,40
278,30
279,20
280,20
281,60
282,40
283,40
284,30
285,20
286,30
287,20
288,40
289,30
290,30
291,20
292,10
293,40
294,30
295,30
296,30
297,20
298,40
299,20
300,10
301,50
302,50
303,40
305,30
306,30
307,10
308,10
309,20
310,10
311,20
313,30
314,20
317,20
318,10
319,10
321,20
322,10
324,10
325,20
326,10
327,20
328,10
335,10
339,40
340,10
342,20
343,10
344,10
346,10
348,10
364,20
368,10
373,10
376,20
379,20
382,10
383,10
385,10
389,10
394,10
398,10
404,10
413,10
417,10
422,10
434,10
436,10
444,10
450,10
454,10
495,10
504,10
546,10
550,10
869,10
