1,634
2,3610
3,5940
4,8140
5,10290
6,11410
7,13010
8,13860
9,14930
10,16750
11,16770
12,15850
13,16510
14,15900
15,16840
16,16370
17,17710
18,16650
19,17050
20,16880
21,17730
22,18000
23,17660
24,19300
25,27430
26,17420
27,16140
28,17390
29,16410
30,17920
31,15230
32,15470
33,15260
34,14970
35,15310
36,16300
37,17280
38,18640
39,18620
40,16030
41,16100
42,17950
43,15300
44,16740
45,14940
46,15440
47,14200
48,14330
49,14310
50,15580
51,14790
52,15960
53,14080
54,14060
55,14730
56,13610
57,14130
58,14090
59,13830
60,13620
61,13360
62,13680
63,13480
64,13290
65,12520
66,13120
67,13000
68,12970
69,13350
70,12610
71,12560
72,12390
73,11280
74,12490
75,11990
76,11480
77,11800
78,11320
79,10770
80,11870
81,13350
82,11700
83,10760
84,10580
85,10940
86,10950
87,10670
88,10860
89,10880
90,11000
91,10280
92,10600
93,10150
94,11330
95,10320
96,10480
97,10350
98,10490
99,10050
100,10270
101,9960
102,9370
103,9810
104,8910
105,9290
106,8960
107,9230
108,9260
109,8420
110,9090
111,8630
112,8400
113,8710
114,8710
115,8540
116,8350
117,8470
118,7950
119,9240
120,8060
121,7650
122,8190
123,7840
124,7690
125,8370
126,7960
127,7870
128,8720
129,9620
130,10170
131,9840
132,8600
133,7520
134,7180
135,7310
136,6920
137,6810
138,6990
139,7260
140,7090
141,7000
142,6550
143,6920
144,6660
145,6950
146,6510
147,6650
148,6380
149,6080
150,6000
151,6310
152,6010
153,5980
154,5920
155,6340
156,5660
157,5700
158,5760
159,5180
160,5480
161,5490
162,4970
163,5520
164,4850
165,4970
166,4900
167,5040
168,5100
169,5400
170,4990
171,4780
172,5260
173,5030
174,5240
175,4790
176,4560
177,4310
178,4730
179,4370
180,4090
181,4480
182,4280
183,3910
184,4580
185,4290
186,4010
187,3910
188,3930
189,4440
190,3670
191,4060
192,3440
193,3830
194,3930
195,3540
196,4070
197,3580
198,3660
199,3660
200,3370
201,3810
202,3550
203,3310
204,3560
205,3570
206,3520
207,3620
208,3490
209,3570
210,3160
211,3060
212,3010
213,2960
214,2840
215,2940
216,2660
217,3060
218,3010
219,3010
220,3070
221,2820
222,2890
223,2710
224,2750
225,2370
226,2860
227,2280
228,2520
229,2670
230,2490
231,2690
232,2700
233,2510
234,2330
235,2580
236,2100
237,2320
238,2180
239,2410
240,2260
241,2580
242,2610
243,2200
244,1930
245,2410
246,2270
247,2190
248,2390
249,2360
250,2270
251,2130
252,2380
253,2050
254,1690
255,1820
256,1970
257,1870
258,1940
259,1670
260,1900
261,2070
262,2120
263,2150
264,2120
265,2050
266,2090
267,1660
268,1840
269,1630
270,1610
271,1780
272,2010
273,1920
274,1670
275,1850
276,1950
277,1480
278,1920
279,1580
280,1500
281,1480
282,1380
283,1920
284,1400
285,1460
286,1440
287,1590
288,1570
289,1420
290,1360
291,1390
292,1250
293,1350
294,1500
295,1650
296,1290
297,1380
298,1410
299,1380
300,1370
301,1430
302,1320
303,1290
304,1300
305,1250
306,1120
307,1450
308,1270
309,1190
310,1330
311,1100
312,1410
313,1270
314,1020
315,1130
316,1330
317,1250
318,1130
319,1230
320,1340
321,1100
322,1070
323,1110
324,1120
325,1270
326,820
327,1190
328,1200
329,1030
330,1290
331,1070
332,1050
333,1010
334,1110
335,1020
336,780
337,1130
338,940
339,940
340,960
341,970
342,940
343,1050
344,750
345,970
346,930
347,1070
348,890
349,920
350,890
351,970
352,910
353,850
354,850
355,860
356,950
357,900
358,800
359,730
360,860
361,820
362,780
363,960
364,920
365,740
366,970
367,760
368,800
369,830
370,710
371,780
372,770
373,690
374,650
375,640
376,790
377,700
378,720
379,680
380,640
381,590
382,560
383,470
384,540
385,670
386,720
387,750
388,490
389,610
390,540
391,630
392,580
393,570
394,630
395,680
396,680
397,570
398,650
399,670
400,590
401,540
402,590
403,670
404,530
405,430
406,750
407,520
408,570
409,440
410,490
411,510
412,530
413,460
414,670
415,380
416,410
417,490
418,430
419,420
420,550
421,460
422,440
423,610
424,530
425,370
426,480
427,460
428,400
429,510
430,480
431,500
432,460
433,550
434,480
435,360
436,470
437,550
438,420
439,410
440,500
441,460
442,510
443,500
444,440
445,340
446,360
447,450
448,460
449,400
450,410
451,360
452,370
453,490
454,480
455,320
456,450
457,420
458,470
459,390
460,430
461,410
462,470
463,390
464,470
465,370
466,450
467,420
468,410
469,380
470,430
471,400
472,330
473,420
474,380
475,380
476,440
477,430
478,380
479,370
480,360
481,320
482,390
483,390
484,290
485,410
486,310
487,320
488,300
489,290
490,270
491,420
492,260
493,280
494,280
495,230
496,380
497,280
498,400
499,220
500,340
501,320
502,240
503,300
504,300
505,340
506,250
507,340
508,360
509,230
510,270
511,320
512,290
513,330
514,260
515,230
516,280
517,280
518,300
519,280
520,200
521,370
522,320
523,260
524,230
525,170
526,320
527,250
528,260
529,240
530,230
531,190
532,320
533,250
534,320
535,210
536,260
537,180
538,220
539,230
540,280
541,410
542,340
543,190
544,210
545,300
546,260
547,210
548,180
549,250
550,240
551,290
552,240
553,190
554,220
555,210
556,200
557,150
558,230
559,200
560,120
561,170
562,210
563,190
564,110
565,230
566,170
567,240
568,210
569,240
570,260
571,190
572,250
573,160
574,240
575,190
576,190
577,210
578,200
579,170
580,220
581,150
582,130
583,190
584,220
585,260
586,200
587,160
588,140
589,180
590,190
591,150
592,210
593,160
594,220
595,240
596,180
597,200
598,260
599,290
600,210
601,280
602,190
603,260
604,270
605,220
606,160
607,180
608,220
609,210
610,190
611,220
612,250
613,260
614,180
615,140
616,210
617,160
618,240
619,160
620,230
621,160
622,210
623,280
624,160
625,110
626,190
627,220
628,120
629,150
630,170
631,200
632,190
633,150
634,140
635,110
636,160
637,160
638,190
639,140
640,110
641,270
642,230
643,330
644,240
645,180
646,120
647,280
648,200
649,250
650,150
651,80
652,150
653,100
654,150
655,190
656,190
657,160
658,190
659,220
660,90
661,120
662,160
663,190
664,220
665,330
666,160
667,150
668,260
669,170
670,160
671,230
672,120
673,140
674,200
675,130
676,150
677,180
678,120
679,170
680,180
681,240
682,250
683,200
684,130
685,90
686,70
687,170
688,150
689,180
690,200
691,200
692,190
693,180
694,90
695,210
696,260
697,120
698,80
699,180
700,220
701,150
702,150
703,180
704,210
705,120
706,210
707,80
708,150
709,70
710,170
711,210
712,160
713,140
714,170
715,170
716,220
717,110
718,170
719,100
720,100
721,110
722,210
723,110
724,180
725,80
726,170
727,100
728,110
729,110
730,100
731,180
732,100
733,100
734,90
735,110
736,70
737,120
738,110
739,90
740,80
741,170
742,130
743,90
744,140
745,170
746,120
747,90
748,60
749,90
750,120
751,90
752,150
753,140
754,100
755,100
756,110
757,110
758,100
759,80
760,40
761,100
762,90
763,120
764,90
765,60
766,90
767,50
768,40
769,90
770,20
771,100
772,90
773,50
774,80
775,100
776,60
777,80
778,140
779,90
780,40
781,90
782,130
783,50
784,50
785,60
786,80
787,110
788,140
789,80
790,90
791,70
792,80
793,110
794,80
795,80
796,110
797,60
798,90
799,170
800,60
801,90
802,100
803,90
804,140
805,120
806,70
807,60
808,70
809,50
810,60
811,120
812,150
813,80
814,60
815,160
816,100
817,90
818,90
819,40
820,60
821,90
822,130
823,100
824,70
825,60
826,50
827,130
828,40
829,140
830,80
831,70
832,80
833,230
834,120
835,110
836,60
837,130
838,100
839,80
840,90
841,50
842,140
843,60
844,30
845,120
846,100
847,90
848,100
849,30
850,50
851,50
852,50
853,30
854,30
855,80
856,80
857,30
858,80
859,50
860,30
861,90
862,50
863,60
864,90
865,70
866,70
867,100
868,80
869,90
870,50
871,130
872,20
873,70
874,50
875,50
876,50
877,50
878,110
879,70
880,80
881,80
882,80
883,70
884,40
885,60
886,90
887,70
888,70
889,80
890,60
891,40
892,70
893,50
894,90
895,70
896,90
897,20
898,90
899,40
900,60
901,40
902,50
903,40
904,50
905,40
906,30
907,60
908,90
909,40
910,70
911,90
912,70
913,70
914,30
915,80
916,50
917,30
918,50
919,40
920,80
921,10
922,50
923,50
924,10
925,60
926,30
927,50
928,60
929,30
930,70
931,50
932,30
933,60
934,60
935,70
936,20
937,70
938,30
939,40
940,40
941,10
942,30
943,70
944,30
945,40
946,50
947,80
948,40
949,40
950,60
951,40
952,60
953,50
954,40
955,20
956,40
957,10
958,10
959,30
960,30
961,20
962,40
963,60
964,30
965,20
966,40
967,10
968,10
969,50
970,50
971,30
972,30
973,10
974,50
975,30
976,20
977,30
978,40
979,30
980,40
981,70
983,20
984,40
985,80
986,10
987,50
988,50
989,20
990,30
991,50
992,40
993,40
994,20
995,30
996,20
997,30
998,20
999,40
1000,80
1001,20
1002,20
1003,20
1004,30
1005,80
1006,40
1007,20
1008,30
1009,20
1010,10
1011,30
1012,40
1013,30
1014,40
1015,20
1016,30
1017,50
1018,60
1019,60
1020,40
1021,50
1022,70
1023,40
1024,30
1025,50
1026,50
1027,40
1028,40
1029,10
1030,30
1031,50
1032,30
1033,10
1035,50
1036,10
1037,10
1038,40
1039,40
1040,10
1041,30
1042,10
1043,60
1044,50
1045,20
1046,10
1048,50
1049,10
1050,10
1051,50
1052,40
1053,50
1054,20
1055,20
1056,20
1057,30
1058,30
1059,10
1060,20
1061,10
1062,20
1063,20
1064,20
1065,10
1066,10
1067,50
1068,30
1069,40
1070,20
1071,20
1072,60
1074,40
1075,30
1077,20
1079,60
1080,20
1082,30
1083,30
1084,60
1085,50
1086,60
1087,30
1088,30
1089,40
1090,30
1091,30
1092,30
1093,10
1094,10
1095,20
1096,30
1097,10
1098,10
1099,20
1100,50
1101,20
1102,20
1103,50
1104,30
1107,20
1108,20
1109,20
1110,30
1111,10
1112,10
1113,30
1115,30
1116,20
1117,10
1118,50
1119,10
1120,50
1121,10
1122,20
1123,50
1124,50
1125,30
1126,40
1127,20
1128,20
1129,10
1130,10
1131,10
1133,10
1134,10
1135,10
1136,20
1137,60
1138,20
1139,30
1140,20
1142,50
1143,10
1144,20
1145,20
1147,10
1148,30
1149,40
1150,20
1151,20
1152,20
1153,30
1154,30
1155,10
1156,30
1158,10
1159,30
1160,20
1161,10
1162,10
1163,10
1164,40
1165,30
1166,20
1168,20
1169,30
1171,20
1172,20
1173,50
1174,20
1175,10
1176,20
1177,10
1178,30
1180,30
1181,30
1182,20
1183,20
1184,20
1186,20
1187,50
1188,10
1189,10
1190,30
1191,10
1192,10
1193,40
1194,10
1195,10
1196,10
1197,30
1198,20
1199,10
1201,30
1202,20
1203,10
1205,10
1206,10
1207,20
1208,30
1209,20
1210,20
1211,10
1212,20
1213,10
1215,40
1216,10
1217,30
1218,10
1219,20
1220,10
1221,10
1222,10
1224,20
1225,30
1226,20
1227,10
1229,30
1230,10
1231,10
1232,10
1234,10
1235,10
1236,10
1237,30
1238,30
1239,20
1240,40
1241,10
1242,20
1244,10
1246,20
1247,10
1248,30
1249,20
1250,10
1251,20
1253,10
1254,30
1256,10
1257,20
1258,10
1259,10
1260,30
1261,10
1262,50
1263,10
1264,10
1265,10
1267,30
1268,20
1269,10
1271,10
1272,30
1273,10
1274,30
1275,30
1276,20
1277,10
1279,20
1280,20
1281,30
1282,10
1283,10
1284,20
1285,20
1286,10
1287,20
1288,30
1290,20
1291,10
1292,10
1293,10
1294,10
1296,10
1297,20
1298,10
1299,10
1300,10
1301,10
1302,20
1303,10
1304,20
1305,10
1306,10
1307,20
1309,20
1310,10
1311,40
1312,30
1313,10
1314,40
1315,10
1316,10
1317,30
1319,10
1320,30
1321,20
1322,10
1323,30
1325,20
1326,10
1327,10
1329,10
1330,20
1334,10
1335,10
1336,10
1337,30
1338,30
1339,10
1340,20
1341,20
1342,10
1343,10
1344,30
1345,10
1347,20
1348,10
1349,10
1350,20
1351,10
1352,10
1353,10
1357,10
1358,30
1362,20
1363,20
1364,20
1365,20
1366,30
1367,20
1368,10
1369,20
1372,10
1376,20
1377,30
1378,20
1379,20
1380,30
1381,20
1383,30
1384,30
1385,10
1386,30
1387,10
1388,50
1390,10
1392,20
1393,10
1394,20
1395,10
1396,20
1397,10
1398,20
1400,10
1401,10
1402,10
1404,10
1405,10
1408,10
1409,10
1410,10
1411,10
1413,10
1414,10
1415,10
1418,10
1419,10
1420,20
1421,30
1423,30
1424,10
1425,30
1428,30
1430,20
1431,30
1434,10
1435,20
1436,20
1437,10
1438,10
1439,10
1440,20
1441,10
1442,10
1443,20
1444,10
1445,10
1446,10
1447,10
1448,20
1449,30
1451,40
1452,20
1453,20
1454,10
1457,10
1458,10
1460,10
1461,10
1463,10
1464,10
1465,10
1466,20
1468,10
1469,10
1470,10
1471,40
1473,10
1474,20
1475,20
1476,20
1478,20
1480,10
1481,30
1483,20
1484,30
1485,10
1486,20
1487,20
1490,20
1492,20
1493,40
1494,20
1495,10
1497,10
1499,30
1500,10
1502,10
1504,30
1505,20
1506,30
1507,10
1508,10
1510,20
1511,30
1513,30
1514,10
1515,10
1518,20
1519,20
1521,20
1522,10
1523,50
1524,10
1525,20
1526,20
1530,10
1531,20
1532,20
1533,20
1534,10
1535,10
1536,10
1537,10
1539,10
1540,20
1541,10
1543,10
1545,40
1546,20
1548,20
1549,10
1552,10
1553,30
1554,10
1556,30
1557,30
1558,10
1559,10
1560,10
1561,10
1563,30
1564,10
1565,20
1566,20
1567,40
1569,10
1572,10
1573,20
1574,30
1575,10
1576,20
1577,20
1578,40
1579,20
1581,10
1582,10
1583,10
1587,20
1588,40
1590,10
1591,10
1593,10
1594,20
1595,20
1596,30
1597,20
1598,10
1599,20
1600,10
1601,10
1603,30
1605,10
1609,10
1612,20
1615,40
1616,10
1618,30
1619,40
1620,10
1621,20
1622,30
1623,10
1625,10
1626,10
1627,20
1628,20
1630,10
1632,20
1634,20
1635,30
1637,20
1639,30
1640,10
1641,10
1642,10
1644,20
1645,10
1646,10
1647,10
1650,10
1651,10
1655,20
1656,10
1657,20
1658,10
1659,10
1660,10
1663,10
1667,20
1669,10
1670,20
1671,10
1676,10
1677,10
1681,10
1683,10
1685,20
1686,20
1688,10
1689,10
1690,10
1695,10
1696,20
1698,20
1699,20
1701,10
1702,20
1703,10
1704,20
1705,10
1707,10
1709,20
1711,10
1713,10
1715,10
1717,10
1718,20
1721,10
1722,10
1723,10
1724,20
1725,30
1732,10
1733,20
1735,10
1736,10
1737,10
1740,10
1744,10
1746,10
1747,10
1748,10
1755,20
1756,10
1757,10
1760,20
1763,10
1764,10
1768,10
1770,10
1775,10
1776,10
1781,10
1782,20
1783,20
1786,10
1789,20
1794,30
1796,10
1803,10
1804,20
1806,10
1808,10
1809,20
1811,20
1812,10
1819,10
1821,20
1822,10
1823,10
1828,20
1829,10
1830,10
1831,10
1832,10
1834,20
1836,10
1839,10
1840,10
1841,10
1844,10
1847,10
1849,10
1850,10
1852,10
1856,10
1858,20
1862,10
1865,20
1867,10
1868,10
1869,10
1873,10
1875,20
1876,10
1880,20
1881,30
1883,20
1884,30
1886,10
1889,10
1890,20
1893,10
1894,10
1895,20
1896,10
1903,10
1904,10
1905,20
1910,30
1913,10
1914,10
1916,10
1920,10
1923,10
1928,10
1929,10
1937,10
1938,10
1939,10
1940,10
1941,10
1944,20
1946,10
1948,10
1951,10
1953,20
1955,10
1963,10
1968,10
1974,10
1978,10
1979,10
1980,20
1981,10
1984,20
1987,10
1988,10
1989,10
1991,10
1993,10
1997,10
1998,10
2003,20
2004,10
2010,10
2013,10
2020,10
2029,10
2035,10
2040,10
2042,10
2045,10
2046,10
2049,10
2053,10
2054,10
2056,20
2058,10
2059,10
2062,10
2070,10
2074,10
2076,10
2078,10
2080,10
2085,10
2094,10
2097,10
2101,10
2117,10
2127,10
2130,10
2132,10
2133,10
2138,10
2139,10
2140,10
2141,10
2142,10
2155,10
2158,10
2160,10
2165,10
2166,10
2167,10
2169,10
2173,10
2176,10
2181,10
2184,20
2186,10
2187,10
2189,20
2190,10
2193,10
2195,10
2199,20
2201,10
2205,10
2206,10
2208,10
2211,20
2213,10
2215,10
2216,10
2219,10
2220,20
2225,10
2226,20
2227,40
2228,30
2233,10
2235,10
2237,10
2238,10
2240,20
2242,10
2243,20
2245,20
2246,10
2247,30
2249,30
2250,10
2253,10
2259,30
2262,20
2264,10
2265,10
2266,10
2267,10
2269,10
2270,40
2271,10
2272,20
2273,10
2278,10
2280,20
2284,10
2285,10
2286,10
2287,20
2289,10
2290,20
2294,20
2296,20
2299,20
2300,10
2302,10
2308,20
2310,10
2312,10
2315,10
2322,10
2324,10
2326,10
2328,10
2331,10
2332,10
2339,30
2341,10
2342,10
2346,10
2347,10
2353,10
2354,10
2355,10
2357,10
2360,10
2363,20
2365,10
2367,10
2371,10
2374,20
2375,10
2377,10
2380,20
2384,20
2386,20
2388,10
2391,10
2392,10
2396,10
2399,30
2401,10
2404,10
2406,10
2409,10
2412,10
2415,30
2420,10
2428,10
2430,10
2431,10
2433,20
2436,10
2440,10
2441,10
2442,10
2443,10
2446,10
2450,20
2452,10
2456,10
2459,10
2461,10
2468,10
2473,10
2477,10
2479,10
2480,10
2482,50
2483,10
2485,10
2487,10
2492,10
2497,10
2498,10
2503,10
2504,10
2505,30
2509,20
2510,10
2512,20
2514,10
2515,10
2516,20
2517,10
2520,10
2521,10
2522,10
2523,20
2528,10
2530,20
2535,10
2537,10
2538,10
2540,10
2542,10
2546,10
2555,20
2556,10
2558,10
2561,20
2567,10
2568,10
2569,10
2572,10
2574,10
2577,10
2582,10
2584,10
2585,10
2586,10
2596,10
2601,30
2603,30
2604,10
2605,10
2606,10
2608,10
2609,10
2610,20
2615,10
2617,10
2618,10
2621,10
2623,20
2627,30
2630,10
2634,10
2639,10
2647,10
2650,10
2654,10
2655,10
2656,10
2657,20
2658,20
2663,20
2684,10
2689,10
2690,20
2693,20
2695,10
2696,10
2702,10
2703,30
2706,10
2707,20
2714,10
2715,10
2717,10
2719,10
2721,10
2723,10
2727,10
2728,10
2732,10
2733,10
2735,10
2737,10
2744,20
2747,20
2751,10
2758,10
2760,10
2764,10
2765,10
2769,10
2771,10
2772,10
2780,10
2782,10
2793,10
2794,10
2798,10
2799,20
2802,10
2813,10
2817,10
2818,10
2820,10
2823,10
2828,10
2832,10
2835,20
2840,10
2841,10
2844,10
2848,10
2858,20
2862,10
2865,20
2868,10
2871,10
2881,10
2887,10
2897,10
2910,10
2915,20
2919,10
2929,10
2931,20
2933,10
2945,10
2969,10
2979,10
2989,10
2990,10
3042,10
3044,20
3062,10
3074,10
3080,10
3095,10
3107,10
3162,10
