1,3147
2,18050
3,29700
4,40700
5,51450
6,57050
7,65050
8,69300
9,74650
10,83750
11,83850
12,79250
13,82550
14,79500
15,84200
16,81850
17,88550
18,83250
19,85250
20,84400
21,88650
22,90000
23,88300
24,96500
25,137150
26,87100
27,80700
28,86950
29,82050
30,89600
31,76150
32,77350
33,76300
34,74850
35,76550
36,81500
37,86400
38,93200
39,93100
40,80150
41,80500
42,89750
43,76500
44,83700
45,74700
46,77200
47,71000
48,71650
49,71550
50,77900
51,73950
52,79800
53,70400
54,70300
55,73650
56,68050
57,70650
58,70450
59,69150
60,68100
61,66800
62,68400
63,67400
64,66450
65,62600
66,65600
67,65000
68,64850
69,66750
70,63050
71,62800
72,61950
73,56400
74,62450
75,59950
76,57400
77,59000
78,56600
79,53850
80,59350
81,66750
82,58500
83,53800
84,52900
85,54700
86,54750
87,53350
88,54300
89,54400
90,55000
91,51400
92,53000
93,50750
94,56650
95,51600
96,52400
97,51750
98,52450
99,50250
100,51350
101,49800
102,46850
103,49050
104,44550
105,46450
106,44800
107,46150
108,46300
109,42100
110,45450
111,43150
112,42000
113,43550
114,43550
115,42700
116,41750
117,42350
118,39750
119,46200
120,40300
121,38250
122,40950
123,39200
124,38450
125,41850
126,39800
127,39350
128,43600
129,48100
130,50850
131,49200
132,43000
133,37600
134,35900
135,36550
136,34600
137,34050
138,34950
139,36300
140,35450
141,35000
142,32750
143,34600
144,33300
145,34750
146,32550
147,33250
148,31900
149,30400
150,30000
151,31550
152,30050
153,29900
154,29600
155,31700
156,28300
157,28500
158,28800
159,25900
160,27400
161,27450
162,24850
163,27600
164,24250
165,24850
166,24500
167,25200
168,25500
169,27000
170,24950
171,23900
172,26300
173,25150
174,26200
175,23950
176,22800
177,21550
178,23650
179,21850
180,20450
181,22400
182,21400
183,19550
184,22900
185,21450
186,20050
187,19550
188,19650
189,22200
190,18350
191,20300
192,17200
193,19150
194,19650
195,17700
196,20350
197,17900
198,18300
199,18300
200,16850
201,19050
202,17750
203,16550
204,17800
205,17850
206,17600
207,18100
208,17450
209,17850
210,15800
211,15300
212,15050
213,14800
214,14200
215,14700
216,13300
217,15300
218,15050
219,15050
220,15350
221,14100
222,14450
223,13550
224,13750
225,11850
226,14300
227,11400
228,12600
229,13350
230,12450
231,13450
232,13500
233,12550
234,11650
235,12900
236,10500
237,11600
238,10900
239,12050
240,11300
241,12900
242,13050
243,11000
244,9650
245,12050
246,11350
247,10950
248,11950
249,11800
250,11350
251,10650
252,11900
253,10250
254,8450
255,9100
256,9850
257,9350
258,9700
259,8350
260,9500
261,10350
262,10600
263,10750
264,10600
265,10250
266,10450
267,8300
268,9200
269,8150
270,8050
271,8900
272,10050
273,9600
274,8350
275,9250
276,9750
277,7400
278,9600
279,7900
280,7500
281,7400
282,6900
283,9600
284,7000
285,7300
286,7200
287,7950
288,7850
289,7100
290,6800
291,6950
292,6250
293,6750
294,7500
295,8250
296,6450
297,6900
298,7050
299,6900
300,6850
301,7150
302,6600
303,6450
304,6500
305,6250
306,5600
307,7250
308,6350
309,5950
310,6650
311,5500
312,7050
313,6350
314,5100
315,5650
316,6650
317,6250
318,5650
319,6150
320,6700
321,5500
322,5350
323,5550
324,5600
325,6350
326,4100
327,5950
328,6000
329,5150
330,6450
331,5350
332,5250
333,5050
334,5550
335,5100
336,3900
337,5650
338,4700
339,4700
340,4800
341,4850
342,4700
343,5250
344,3750
345,4850
346,4650
347,5350
348,4450
349,4600
350,4450
351,4850
352,4550
353,4250
354,4250
355,4300
356,4750
357,4500
358,4000
359,3650
360,4300
361,4100
362,3900
363,4800
364,4600
365,3700
366,4850
367,3800
368,4000
369,4150
370,3550
371,3900
372,3850
373,3450
374,3250
375,3200
376,3950
377,3500
378,3600
379,3400
380,3200
381,2950
382,2800
383,2350
384,2700
385,3350
386,3600
387,3750
388,2450
389,3050
390,2700
391,3150
392,2900
393,2850
394,3150
395,3400
396,3400
397,2850
398,3250
399,3350
400,2950
401,2700
402,2950
403,3350
404,2650
405,2150
406,3750
407,2600
408,2850
409,2200
410,2450
411,2550
412,2650
413,2300
414,3350
415,1900
416,2050
417,2450
418,2150
419,2100
420,2750
421,2300
422,2200
423,3050
424,2650
425,1850
426,2400
427,2300
428,2000
429,2550
430,2400
431,2500
432,2300
433,2750
434,2400
435,1800
436,2350
437,2750
438,2100
439,2050
440,2500
441,2300
442,2550
443,2500
444,2200
445,1700
446,1800
447,2250
448,2300
449,2000
450,2050
451,1800
452,1850
453,2450
454,2400
455,1600
456,2250
457,2100
458,2350
459,1950
460,2150
461,2050
462,2350
463,1950
464,2350
465,1850
466,2250
467,2100
468,2050
469,1900
470,2150
471,2000
472,1650
473,2100
474,1900
475,1900
476,2200
477,2150
478,1900
479,1850
480,1800
481,1600
482,1950
483,1950
484,1450
485,2050
486,1550
487,1600
488,1500
489,1450
490,1350
491,2100
492,1300
493,1400
494,1400
495,1150
496,1900
497,1400
498,2000
499,1100
500,1700
501,1600
502,1200
503,1500
504,1500
505,1700
506,1250
507,1700
508,1800
509,1150
510,1350
511,1600
512,1450
513,1650
514,1300
515,1150
516,1400
517,1400
518,1500
519,1400
520,1000
521,1850
522,1600
523,1300
524,1150
525,850
526,1600
527,1250
528,1300
529,1200
530,1150
531,950
532,1600
533,1250
534,1600
535,1050
536,1300
537,900
538,1100
539,1150
540,1400
541,2050
542,1700
543,950
544,1050
545,1500
546,1300
547,1050
548,900
549,1250
550,1200
551,1450
552,1200
553,950
554,1100
555,1050
556,1000
557,750
558,1150
559,1000
560,600
561,850
562,1050
563,950
564,550
565,1150
566,850
567,1200
568,1050
569,1200
570,1300
571,950
572,1250
573,800
574,1200
575,950
576,950
577,1050
578,1000
579,850
580,1100
581,750
582,650
583,950
584,1100
585,1300
586,1000
587,800
588,700
589,900
590,950
591,750
592,1050
593,800
594,1100
595,1200
596,900
597,1000
598,1300
599,1450
600,1050
601,1400
602,950
603,1300
604,1350
605,1100
606,800
607,900
608,1100
609,1050
610,950
611,1100
612,1250
613,1300
614,900
615,700
616,1050
617,800
618,1200
619,800
620,1150
621,800
622,1050
623,1400
624,800
625,550
626,950
627,1100
628,600
629,750
630,850
631,1000
632,950
633,750
634,700
635,550
636,800
637,800
638,950
639,700
640,550
641,1350
642,1150
643,1650
644,1200
645,900
646,600
647,1400
648,1000
649,1250
650,750
651,400
652,750
653,500
654,750
655,950
656,950
657,800
658,950
659,1100
660,450
661,600
662,800
663,950
664,1100
665,1650
666,800
667,750
668,1300
669,850
670,800
671,1150
672,600
673,700
674,1000
675,650
676,750
677,900
678,600
679,850
680,900
681,1200
682,1250
683,1000
684,650
685,450
686,350
687,850
688,750
689,900
690,1000
691,1000
692,950
693,900
694,450
695,1050
696,1300
697,600
698,400
699,900
700,1100
701,750
702,750
703,900
704,1050
705,600
706,1050
707,400
708,750
709,350
710,850
711,1050
712,800
713,700
714,850
715,850
716,1100
717,550
718,850
719,500
720,500
721,550
722,1050
723,550
724,900
725,400
726,850
727,500
728,550
729,550
730,500
731,900
732,500
733,500
734,450
735,550
736,350
737,600
738,550
739,450
740,400
741,850
742,650
743,450
744,700
745,850
746,600
747,450
748,300
749,450
750,600
751,450
752,750
753,700
754,500
755,500
756,550
757,550
758,500
759,400
760,200
761,500
762,450
763,600
764,450
765,300
766,450
767,250
768,200
769,450
770,100
771,500
772,450
773,250
774,400
775,500
776,300
777,400
778,700
779,450
780,200
781,450
782,650
783,250
784,250
785,300
786,400
787,550
788,700
789,400
790,450
791,350
792,400
793,550
794,400
795,400
796,550
797,300
798,450
799,850
800,300
801,450
802,500
803,450
804,700
805,600
806,350
807,300
808,350
809,250
810,300
811,600
812,750
813,400
814,300
815,800
816,500
817,450
818,450
819,200
820,300
821,450
822,650
823,500
824,350
825,300
826,250
827,650
828,200
829,700
830,400
831,350
832,400
833,1150
834,600
835,550
836,300
837,650
838,500
839,400
840,450
841,250
842,700
843,300
844,150
845,600
846,500
847,450
848,500
849,150
850,250
851,250
852,250
853,150
854,150
855,400
856,400
857,150
858,400
859,250
860,150
861,450
862,250
863,300
864,450
865,350
866,350
867,500
868,400
869,450
870,250
871,650
872,100
873,350
874,250
875,250
876,250
877,250
878,550
879,350
880,400
881,400
882,400
883,350
884,200
885,300
886,450
887,350
888,350
889,400
890,300
891,200
892,350
893,250
894,450
895,350
896,450
897,100
898,450
899,200
900,300
901,200
902,250
903,200
904,250
905,200
906,150
907,300
908,450
909,200
910,350
911,450
912,350
913,350
914,150
915,400
916,250
917,150
918,250
919,200
920,400
921,50
922,250
923,250
924,50
925,300
926,150
927,250
928,300
929,150
930,350
931,250
932,150
933,300
934,300
935,350
936,100
937,350
938,150
939,200
940,200
941,50
942,150
943,350
944,150
945,200
946,250
947,400
948,200
949,200
950,300
951,200
952,300
953,250
954,200
955,100
956,200
957,50
958,50
959,150
960,150
961,100
962,200
963,300
964,150
965,100
966,200
967,50
968,50
969,250
970,250
971,150
972,150
973,50
974,250
975,150
976,100
977,150
978,200
979,150
980,200
981,350
983,100
984,200
985,400
986,50
987,250
988,250
989,100
990,150
991,250
992,200
993,200
994,100
995,150
996,100
997,150
998,100
999,200
1000,400
1001,100
1002,100
1003,100
1004,150
1005,400
1006,200
1007,100
1008,150
1009,100
1010,50
1011,150
1012,200
1013,150
1014,200
1015,100
1016,150
1017,250
1018,300
1019,300
1020,200
1021,250
1022,350
1023,200
1024,150
1025,250
1026,250
1027,200
1028,200
1029,50
1030,150
1031,250
1032,150
1033,50
1035,250
1036,50
1037,50
1038,200
1039,200
1040,50
1041,150
1042,50
1043,300
1044,250
1045,100
1046,50
1048,250
1049,50
1050,50
1051,250
1052,200
1053,250
1054,100
1055,100
1056,100
1057,150
1058,150
1059,50
1060,100
1061,50
1062,100
1063,100
1064,100
1065,50
1066,50
1067,250
1068,150
1069,200
1070,100
1071,100
1072,300
1074,200
1075,150
1077,100
1079,300
1080,100
1082,150
1083,150
1084,300
1085,250
1086,300
1087,150
1088,150
1089,200
1090,150
1091,150
1092,150
1093,50
1094,50
1095,100
1096,150
1097,50
1098,50
1099,100
1100,250
1101,100
1102,100
1103,250
1104,150
1107,100
1108,100
1109,100
1110,150
1111,50
1112,50
1113,150
1115,150
1116,100
1117,50
1118,250
1119,50
1120,250
1121,50
1122,100
1123,250
1124,250
1125,150
1126,200
1127,100
1128,100
1129,50
1130,50
1131,50
1133,50
1134,50
1135,50
1136,100
1137,300
1138,100
1139,150
1140,100
1142,250
1143,50
1144,100
1145,100
1147,50
1148,150
1149,200
1150,100
1151,100
1152,100
1153,150
1154,150
1155,50
1156,150
1158,50
1159,150
1160,100
1161,50
1162,50
1163,50
1164,200
1165,150
1166,100
1168,100
1169,150
1171,100
1172,100
1173,250
1174,100
1175,50
1176,100
1177,50
1178,150
1180,150
1181,150
1182,100
1183,100
1184,100
1186,100
1187,250
1188,50
1189,50
1190,150
1191,50
1192,50
1193,200
1194,50
1195,50
1196,50
1197,150
1198,100
1199,50
1201,150
1202,100
1203,50
1205,50
1206,50
1207,100
1208,150
1209,100
1210,100
1211,50
1212,100
1213,50
1215,200
1216,50
1217,150
1218,50
1219,100
1220,50
1221,50
1222,50
1224,100
1225,150
1226,100
1227,50
1229,150
1230,50
1231,50
1232,50
1234,50
1235,50
1236,50
1237,150
1238,150
1239,100
1240,200
1241,50
1242,100
1244,50
1246,100
1247,50
1248,150
1249,100
1250,50
1251,100
1253,50
1254,150
1256,50
1257,100
1258,50
1259,50
1260,150
1261,50
1262,250
1263,50
1264,50
1265,50
1267,150
1268,100
1269,50
1271,50
1272,150
1273,50
1274,150
1275,150
1276,100
1277,50
1279,100
1280,100
1281,150
1282,50
1283,50
1284,100
1285,100
1286,50
1287,100
1288,150
1290,100
1291,50
1292,50
1293,50
1294,50
1296,50
1297,100
1298,50
1299,50
1300,50
1301,50
1302,100
1303,50
1304,100
1305,50
1306,50
1307,100
1309,100
1310,50
1311,200
1312,150
1313,50
1314,200
1315,50
1316,50
1317,150
1319,50
1320,150
1321,100
1322,50
1323,150
1325,100
1326,50
1327,50
1329,50
1330,100
1334,50
1335,50
1336,50
1337,150
1338,150
1339,50
1340,100
1341,100
1342,50
1343,50
1344,150
1345,50
1347,100
1348,50
1349,50
1350,100
1351,50
1352,50
1353,50
1357,50
1358,150
1362,100
1363,100
1364,100
1365,100
1366,150
1367,100
1368,50
1369,100
1372,50
1376,100
1377,150
1378,100
1379,100
1380,150
1381,100
1383,150
1384,150
1385,50
1386,150
1387,50
1388,250
1390,50
1392,100
1393,50
1394,100
1395,50
1396,100
1397,50
1398,100
1400,50
1401,50
1402,50
1404,50
1405,50
1408,50
1409,50
1410,50
1411,50
1413,50
1414,50
1415,50
1418,50
1419,50
1420,100
1421,150
1423,150
1424,50
1425,150
1428,150
1430,100
1431,150
1434,50
1435,100
1436,100
1437,50
1438,50
1439,50
1440,100
1441,50
1442,50
1443,100
1444,50
1445,50
1446,50
1447,50
1448,100
1449,150
1451,200
1452,100
1453,100
1454,50
1457,50
1458,50
1460,50
1461,50
1463,50
1464,50
1465,50
1466,100
1468,50
1469,50
1470,50
1471,200
1473,50
1474,100
1475,100
1476,100
1478,100
1480,50
1481,150
1483,100
1484,150
1485,50
1486,100
1487,100
1490,100
1492,100
1493,200
1494,100
1495,50
1497,50
1499,150
1500,50
1502,50
1504,150
1505,100
1506,150
1507,50
1508,50
1510,100
1511,150
1513,150
1514,50
1515,50
1518,100
1519,100
1521,100
1522,50
1523,250
1524,50
1525,100
1526,100
1530,50
1531,100
1532,100
1533,100
1534,50
1535,50
1536,50
1537,50
1539,50
1540,100
1541,50
1543,50
1545,200
1546,100
1548,100
1549,50
1552,50
1553,150
1554,50
1556,150
1557,150
1558,50
1559,50
1560,50
1561,50
1563,150
1564,50
1565,100
1566,100
1567,200
1569,50
1572,50
1573,100
1574,150
1575,50
1576,100
1577,100
1578,200
1579,100
1581,50
1582,50
1583,50
1587,100
1588,200
1590,50
1591,50
1593,50
1594,100
1595,100
1596,150
1597,100
1598,50
1599,100
1600,50
1601,50
1603,150
1605,50
1609,50
1612,100
1615,200
1616,50
1618,150
1619,200
1620,50
1621,100
1622,150
1623,50
1625,50
1626,50
1627,100
1628,100
1630,50
1632,100
1634,100
1635,150
1637,100
1639,150
1640,50
1641,50
1642,50
1644,100
1645,50
1646,50
1647,50
1650,50
1651,50
1655,100
1656,50
1657,100
1658,50
1659,50
1660,50
1663,50
1667,100
1669,50
1670,100
1671,50
1676,50
1677,50
1681,50
1683,50
1685,100
1686,100
1688,50
1689,50
1690,50
1695,50
1696,100
1698,100
1699,100
1701,50
1702,100
1703,50
1704,100
1705,50
1707,50
1709,100
1711,50
1713,50
1715,50
1717,50
1718,100
1721,50
1722,50
1723,50
1724,100
1725,150
1732,50
1733,100
1735,50
1736,50
1737,50
1740,50
1744,50
1746,50
1747,50
1748,50
1755,100
1756,50
1757,50
1760,100
1763,50
1764,50
1768,50
1770,50
1775,50
1776,50
1781,50
1782,100
1783,100
1786,50
1789,100
1794,150
1796,50
1803,50
1804,100
1806,50
1808,50
1809,100
1811,100
1812,50
1819,50
1821,100
1822,50
1823,50
1828,100
1829,50
1830,50
1831,50
1832,50
1834,100
1836,50
1839,50
1840,50
1841,50
1844,50
1847,50
1849,50
1850,50
1852,50
1856,50
1858,100
1862,50
1865,100
1867,50
1868,50
1869,50
1873,50
1875,100
1876,50
1880,100
1881,150
1883,100
1884,150
1886,50
1889,50
1890,100
1893,50
1894,50
1895,100
1896,50
1903,50
1904,50
1905,100
1910,150
1913,50
1914,50
1916,50
1920,50
1923,50
1928,50
1929,50
1937,50
1938,50
1939,50
1940,50
1941,50
1944,100
1946,50
1948,50
1951,50
1953,100
1955,50
1963,50
1968,50
1974,50
1978,50
1979,50
1980,100
1981,50
1984,100
1987,50
1988,50
1989,50
1991,50
1993,50
1997,50
1998,50
2003,100
2004,50
2010,50
2013,50
2020,50
2029,50
2035,50
2040,50
2042,50
2045,50
2046,50
2049,50
2053,50
2054,50
2056,100
2058,50
2059,50
2062,50
2070,50
2074,50
2076,50
2078,50
2080,50
2085,50
2094,50
2097,50
2101,50
2117,50
2127,50
2130,50
2132,50
2133,50
2138,50
2139,50
2140,50
2141,50
2142,50
2155,50
2158,50
2160,50
2165,50
2166,50
2167,50
2169,50
2173,50
2176,50
2181,50
2184,100
2186,50
2187,50
2189,100
2190,50
2193,50
2195,50
2199,100
2201,50
2205,50
2206,50
2208,50
2211,100
2213,50
2215,50
2216,50
2219,50
2220,100
2225,50
2226,100
2227,200
2228,150
2233,50
2235,50
2237,50
2238,50
2240,100
2242,50
2243,100
2245,100
2246,50
2247,150
2249,150
2250,50
2253,50
2259,150
2262,100
2264,50
2265,50
2266,50
2267,50
2269,50
2270,200
2271,50
2272,100
2273,50
2278,50
2280,100
2284,50
2285,50
2286,50
2287,100
2289,50
2290,100
2294,100
2296,100
2299,100
2300,50
2302,50
2308,100
2310,50
2312,50
2315,50
2322,50
2324,50
2326,50
2328,50
2331,50
2332,50
2339,150
2341,50
2342,50
2346,50
2347,50
2353,50
2354,50
2355,50
2357,50
2360,50
2363,100
2365,50
2367,50
2371,50
2374,100
2375,50
2377,50
2380,100
2384,100
2386,100
2388,50
2391,50
2392,50
2396,50
2399,150
2401,50
2404,50
2406,50
2409,50
2412,50
2415,150
2420,50
2428,50
2430,50
2431,50
2433,100
2436,50
2440,50
2441,50
2442,50
2443,50
2446,50
2450,100
2452,50
2456,50
2459,50
2461,50
2468,50
2473,50
2477,50
2479,50
2480,50
2482,250
2483,50
2485,50
2487,50
2492,50
2497,50
2498,50
2503,50
2504,50
2505,150
2509,100
2510,50
2512,100
2514,50
2515,50
2516,100
2517,50
2520,50
2521,50
2522,50
2523,100
2528,50
2530,100
2535,50
2537,50
2538,50
2540,50
2542,50
2546,50
2555,100
2556,50
2558,50
2561,100
2567,50
2568,50
2569,50
2572,50
2574,50
2577,50
2582,50
2584,50
2585,50
2586,50
2596,50
2601,150
2603,150
2604,50
2605,50
2606,50
2608,50
2609,50
2610,100
2615,50
2617,50
2618,50
2621,50
2623,100
2627,150
2630,50
2634,50
2639,50
2647,50
2650,50
2654,50
2655,50
2656,50
2657,100
2658,100
2663,100
2684,50
2689,50
2690,100
2693,100
2695,50
2696,50
2702,50
2703,150
2706,50
2707,100
2714,50
2715,50
2717,50
2719,50
2721,50
2723,50
2727,50
2728,50
2732,50
2733,50
2735,50
2737,50
2744,100
2747,100
2751,50
2758,50
2760,50
2764,50
2765,50
2769,50
2771,50
2772,50
2780,50
2782,50
2793,50
2794,50
2798,50
2799,100
2802,50
2813,50
2817,50
2818,50
2820,50
2823,50
2828,50
2832,50
2835,100
2840,50
2841,50
2844,50
2848,50
2858,100
2862,50
2865,100
2868,50
2871,50
2881,50
2887,50
2897,50
2910,50
2915,100
2919,50
2929,50
2931,100
2933,50
2945,50
2969,50
2979,50
2989,50
2990,50
3042,50
3044,100
3062,50
3074,50
3080,50
3095,50
3107,50
3162,50
