1,50783
2,650082
3,722622
4,853550
5,900430
6,896490
7,908000
8,826470
9,726320
10,646300
11,563190
12,489700
13,413680
14,373820
15,320370
16,282070
17,232370
18,193110
19,165520
20,141010
21,134250
22,115120
23,96650
24,90070
25,64800
26,59450
27,54600
28,43160
29,38950
30,32740
31,28210
32,28600
33,27480
34,23090
35,21070
36,19000
37,15380
38,14600
39,15030
40,11940
41,10960
42,11470
43,8870
44,7630
45,6480
46,8820
47,8700
48,5770
49,7060
50,8070
51,6070
52,13550
53,4510
54,4500
55,5610
56,10300
57,3630
58,3650
59,4230
60,2750
61,2800
62,2240
63,2080
64,2780
65,2700
66,2250
67,3840
68,2790
69,2080
70,4510
71,1430
72,1400
73,2290
74,1870
75,1500
76,1600
77,1630
78,1280
79,1350
80,970
81,870
82,690
83,540
84,500
85,540
86,320
87,230
88,330
89,190
90,80
91,110
92,70
93,90
94,60
95,80
96,40
97,40
98,10
99,10
100,40
102,10
