1,228286
2,3251055
3,3613037
4,4267750
5,4502150
6,4482450
7,4540000
8,4132350
9,3631600
10,3231500
11,2815950
12,2448500
13,2068400
14,1869100
15,1601850
16,1410350
17,1161850
18,965550
19,827600
20,705050
21,671250
22,575600
23,483250
24,450350
25,324000
26,297250
27,273000
28,215800
29,194750
30,163700
31,141050
32,143000
33,137400
34,115450
35,105350
36,95000
37,76900
38,73000
39,75150
40,59700
41,54800
42,57350
43,44350
44,38150
45,32400
46,44100
47,43500
48,28850
49,35300
50,40350
51,30350
52,67750
53,22550
54,22500
55,28050
56,51500
57,18150
58,18250
59,21150
60,13750
61,14000
62,11200
63,10400
64,13900
65,13500
66,11250
67,19200
68,13950
69,10400
70,22550
71,7150
72,7000
73,11450
74,9350
75,7500
76,8000
77,8150
78,6400
79,6750
80,4850
81,4350
82,3450
83,2700
84,2500
85,2700
86,1600
87,1150
88,1650
89,950
90,400
91,550
92,350
93,450
94,300
95,400
96,200
97,200
98,50
99,50
100,200
102,50
