1,26501
2,1971034
3,4591445
4,4614033
5,3410700
6,2221200
7,1501850
8,1099200
9,874300
10,725450
11,596050
12,519050
13,441500
14,391750
15,340750
16,303850
17,270700
18,247150
19,222000
20,200450
21,182350
22,168150
23,159000
24,141700
25,131450
26,123350
27,116400
28,108100
29,101300
30,91900
31,85500
32,84300
33,76650
34,75900
35,69300
36,68050
37,60150
38,58250
39,55800
40,52350
41,46900
42,48900
43,45100
44,41500
45,41450
46,38300
47,35400
48,36000
49,35800
50,33900
51,29350
52,30550
53,29100
54,26600
55,27550
56,25900
57,27150
58,24500
59,22750
60,22550
61,20700
62,21900
63,19600
64,18300
65,17550
66,17300
67,15350
68,17600
69,17450
70,14350
71,14150
72,13050
73,15050
74,13250
75,12100
76,13100
77,12150
78,11350
79,12100
80,11400
81,10800
82,10650
83,10200
84,10550
85,10450
86,10150
87,10150
88,8900
89,8600
90,9200
91,7750
92,8200
93,7700
94,8050
95,8050
96,8150
97,7100
98,6800
99,7500
100,7250
101,6950
102,7550
103,5650
104,5700
105,6100
106,6700
107,6900
108,6650
109,5400
110,5200
111,5450
112,4500
113,5350
114,5500
115,4700
116,4300
117,4550
118,5450
119,5250
120,4750
121,4500
122,4300
123,4650
124,3700
125,3950
126,4000
127,3500
128,3800
129,3450
130,2650
131,3550
132,4550
133,3850
134,4050
135,3950
136,3750
137,4600
138,4150
139,4200
140,3050
141,3400
142,3200
143,2400
144,3400
145,2350
146,2950
147,2600
148,2850
149,3100
150,2300
151,2800
152,2200
153,2300
154,1900
155,1700
156,1750
157,2300
158,2600
159,2250
160,1650
161,1850
162,1850
163,2400
164,2250
165,1400
166,1900
167,1500
168,1900
169,1600
170,1500
171,1650
172,1750
173,1050
174,2100
175,1150
176,1300
177,1200
178,1700
179,1500
180,1750
181,1850
182,1300
183,1600
184,1400
185,950
186,1050
187,1050
188,1300
189,1200
190,1750
191,1350
192,1450
193,1150
194,1200
195,1250
196,1250
197,800
198,1050
199,750
200,950
201,1050
202,700
203,1150
204,1100
205,1150
206,700
207,900
208,750
209,1050
210,800
211,1050
212,1250
213,950
214,600
215,850
216,650
217,1050
218,950
219,850
220,1250
221,1050
222,950
223,900
224,900
225,800
226,1000
227,850
228,900
229,1300
230,550
231,950
232,950
233,600
234,650
235,750
236,600
237,750
238,700
239,1150
240,450
241,550
242,900
243,550
244,800
245,750
246,1000
247,900
248,950
249,650
250,350
251,500
252,700
253,900
254,600
255,700
256,150
257,200
258,400
259,600
260,650
261,450
262,800
263,200
264,600
265,500
266,300
267,250
268,650
269,250
270,550
271,450
272,300
273,450
274,450
275,500
276,450
277,500
278,300
279,300
280,300
281,300
282,350
283,350
284,400
285,400
286,250
287,450
288,250
289,350
290,500
291,550
292,500
293,200
294,250
295,150
296,300
297,250
298,250
299,300
300,250
301,400
302,150
303,400
304,250
305,200
306,300
307,250
308,200
309,600
310,300
311,350
312,100
313,350
314,400
315,300
316,200
317,100
318,200
319,150
320,100
321,300
322,250
323,200
324,200
325,200
326,350
327,150
328,200
329,100
330,350
331,400
332,150
333,200
334,350
335,250
336,350
337,350
338,100
339,400
340,250
341,50
342,200
343,50
344,300
345,150
346,200
347,350
348,150
349,50
350,250
351,100
352,100
353,250
354,350
355,100
356,300
357,250
358,150
359,100
360,100
361,200
362,50
363,150
364,150
365,50
366,100
367,150
368,150
369,50
371,250
372,100
373,200
374,250
375,250
376,250
377,150
378,250
379,50
380,100
381,50
382,50
383,100
384,100
385,100
386,200
387,100
388,250
389,250
390,350
391,50
392,100
393,100
394,100
395,250
396,50
397,200
398,200
399,150
400,200
401,100
402,150
403,50
404,50
406,250
408,100
409,50
410,400
411,200
412,50
413,200
414,100
415,150
417,100
418,100
419,150
420,50
421,150
423,200
424,50
425,200
426,150
427,200
428,50
429,100
430,100
431,50
432,150
433,100
434,100
435,250
436,50
437,150
438,50
439,150
440,150
441,150
442,100
443,100
444,200
445,100
446,50
448,200
449,100
450,200
451,50
452,50
454,50
455,100
456,100
458,100
459,250
460,100
461,50
462,50
464,100
465,150
466,50
467,50
468,150
469,100
470,100
471,50
473,250
474,150
475,200
476,150
479,50
480,150
482,50
483,50
485,150
486,50
488,100
489,50
490,50
491,100
494,50
495,100
497,100
498,50
499,100
500,200
504,100
506,50
507,50
508,150
513,100
514,50
515,50
516,50
518,50
519,100
522,100
523,150
524,250
526,100
527,100
528,50
529,50
531,100
532,50
534,150
535,200
537,150
538,50
540,50
541,100
542,50
543,50
544,150
545,100
546,50
549,100
550,100
551,50
552,50
553,200
555,50
556,150
557,50
559,150
560,100
561,200
562,100
563,100
564,100
565,50
566,50
567,50
568,150
570,50
571,150
572,100
573,50
574,200
575,50
576,100
577,100
578,100
579,100
580,250
581,300
582,100
583,50
584,100
585,150
586,150
588,100
589,100
590,100
591,150
592,100
593,100
594,50
595,350
596,200
597,100
598,100
599,200
600,100
601,150
602,50
603,200
605,150
606,100
607,100
608,200
609,200
610,100
611,250
612,150
614,300
615,50
616,100
617,150
618,50
619,250
620,50
622,150
623,50
624,150
625,50
626,150
627,50
629,100
630,50
631,50
632,150
633,50
634,150
635,50
636,50
641,100
643,50
644,50
645,50
646,50
653,50
654,50
656,50
658,50
659,50
660,50
662,50
663,50
664,100
667,50
669,50
670,50
673,100
676,50
677,50
681,50
682,50
685,50
688,100
689,50
691,50
693,50
697,50
698,100
699,50
704,50
708,50
712,50
717,50
721,50
730,50
737,50
748,50
749,50
769,50
781,50
785,50
795,50
796,50
797,50
805,50
813,50
823,50
840,50
850,50
851,50
854,50
861,50
870,50
872,50
877,50
879,50
881,50
884,50
886,50
888,50
889,50
894,50
895,50
903,50
905,50
910,50
919,50
920,50
923,50
940,50
942,50
969,50
989,50
1010,50
1022,50
1091,50
1136,50
1170,50
1197,50
1239,50
1316,50
1344,50
1404,50
1421,50
1533,50
1540,50
1572,50
1643,50
1653,50
1733,50
1828,50
1926,50
2108,50
2337,50
2490,50
2497,50
