1,4299
2,395592
3,921576
4,923062
5,682148
6,444240
7,300370
8,219840
9,174860
10,145090
11,119210
12,103810
13,88300
14,78350
15,68150
16,60770
17,54140
18,49430
19,44400
20,40090
21,36470
22,33630
23,31800
24,28340
25,26290
26,24670
27,23280
28,21620
29,20260
30,18380
31,17100
32,16860
33,15330
34,15180
35,13860
36,13610
37,12030
38,11650
39,11160
40,10470
41,9380
42,9780
43,9020
44,8300
45,8290
46,7660
47,7080
48,7200
49,7160
50,6780
51,5870
52,6110
53,5820
54,5320
55,5510
56,5180
57,5430
58,4900
59,4550
60,4510
61,4140
62,4380
63,3920
64,3660
65,3510
66,3460
67,3070
68,3520
69,3490
70,2870
71,2830
72,2610
73,3010
74,2650
75,2420
76,2620
77,2430
78,2270
79,2420
80,2280
81,2160
82,2130
83,2040
84,2110
85,2090
86,2030
87,2030
88,1780
89,1720
90,1840
91,1550
92,1640
93,1540
94,1610
95,1610
96,1630
97,1420
98,1360
99,1500
100,1450
101,1390
102,1510
103,1130
104,1140
105,1220
106,1340
107,1380
108,1330
109,1080
110,1040
111,1090
112,900
113,1070
114,1100
115,940
116,860
117,910
118,1090
119,1050
120,950
121,900
122,860
123,930
124,740
125,790
126,800
127,700
128,760
129,690
130,530
131,710
132,910
133,770
134,810
135,790
136,750
137,920
138,830
139,840
140,610
141,680
142,640
143,480
144,680
145,470
146,590
147,520
148,570
149,620
150,460
151,560
152,440
153,460
154,380
155,340
156,350
157,460
158,520
159,450
160,330
161,370
162,370
163,480
164,450
165,280
166,380
167,300
168,380
169,320
170,300
171,330
172,350
173,210
174,420
175,230
176,260
177,240
178,340
179,300
180,350
181,370
182,260
183,320
184,280
185,190
186,210
187,210
188,260
189,240
190,350
191,270
192,290
193,230
194,240
195,250
196,250
197,160
198,210
199,150
200,190
201,210
202,140
203,230
204,220
205,230
206,140
207,180
208,150
209,210
210,160
211,210
212,250
213,190
214,120
215,170
216,130
217,210
218,190
219,170
220,250
221,210
222,190
223,180
224,180
225,160
226,200
227,170
228,180
229,260
230,110
231,190
232,190
233,120
234,130
235,150
236,120
237,150
238,140
239,230
240,90
241,110
242,180
243,110
244,160
245,150
246,200
247,180
248,190
249,130
250,70
251,100
252,140
253,180
254,120
255,140
256,30
257,40
258,80
259,120
260,130
261,90
262,160
263,40
264,120
265,100
266,60
267,50
268,130
269,50
270,110
271,90
272,60
273,90
274,90
275,100
276,90
277,100
278,60
279,60
280,60
281,60
282,70
283,70
284,80
285,80
286,50
287,90
288,50
289,70
290,100
291,110
292,100
293,40
294,50
295,30
296,60
297,50
298,50
299,60
300,50
301,80
302,30
303,80
304,50
305,40
306,60
307,50
308,40
309,120
310,60
311,70
312,20
313,70
314,80
315,60
316,40
317,20
318,40
319,30
320,20
321,60
322,50
323,40
324,40
325,40
326,70
327,30
328,40
329,20
330,70
331,80
332,30
333,40
334,70
335,50
336,70
337,70
338,20
339,80
340,50
341,10
342,40
343,10
344,60
345,30
346,40
347,70
348,30
349,10
350,50
351,20
352,20
353,50
354,70
355,20
356,60
357,50
358,30
359,20
360,20
361,40
362,10
363,30
364,30
365,10
366,20
367,30
368,30
369,10
371,50
372,20
373,40
374,50
375,50
376,50
377,30
378,50
379,10
380,20
381,10
382,10
383,20
384,20
385,20
386,40
387,20
388,50
389,50
390,70
391,10
392,20
393,20
394,20
395,50
396,10
397,40
398,40
399,30
400,40
401,20
402,30
403,10
404,10
406,50
408,20
409,10
410,80
411,40
412,10
413,40
414,20
415,30
417,20
418,20
419,30
420,10
421,30
423,40
424,10
425,40
426,30
427,40
428,10
429,20
430,20
431,10
432,30
433,20
434,20
435,50
436,10
437,30
438,10
439,30
440,30
441,30
442,20
443,20
444,40
445,20
446,10
448,40
449,20
450,40
451,10
452,10
454,10
455,20
456,20
458,20
459,50
460,20
461,10
462,10
464,20
465,30
466,10
467,10
468,30
469,20
470,20
471,10
473,50
474,30
475,40
476,30
479,10
480,30
482,10
483,10
485,30
486,10
488,20
489,10
490,10
491,20
494,10
495,20
497,20
498,10
499,20
500,40
504,20
506,10
507,10
508,30
513,20
514,10
515,10
516,10
518,10
519,20
522,20
523,30
524,50
526,20
527,20
528,10
529,10
531,20
532,10
534,30
535,40
537,30
538,10
540,10
541,20
542,10
543,10
544,30
545,20
546,10
549,20
550,20
551,10
552,10
553,40
555,10
556,30
557,10
559,30
560,20
561,40
562,20
563,20
564,20
565,10
566,10
567,10
568,30
570,10
571,30
572,20
573,10
574,40
575,10
576,20
577,20
578,20
579,20
580,50
581,60
582,20
583,10
584,20
585,30
586,30
588,20
589,20
590,20
591,30
592,20
593,20
594,10
595,70
596,40
597,20
598,20
599,40
600,20
601,30
602,10
603,40
605,30
606,20
607,20
608,40
609,40
610,20
611,50
612,30
614,60
615,10
616,20
617,30
618,10
619,50
620,10
622,30
623,10
624,30
625,10
626,30
627,10
629,20
630,10
631,10
632,30
633,10
634,30
635,10
636,10
641,20
643,10
644,10
645,10
646,10
653,10
654,10
656,10
658,10
659,10
660,10
662,10
663,10
664,20
667,10
669,10
670,10
673,20
676,10
677,10
681,10
682,10
685,10
688,20
689,10
691,10
693,10
697,10
698,20
699,10
704,10
708,10
712,10
717,10
721,10
730,10
737,10
748,10
749,10
769,10
781,10
785,10
795,10
796,10
797,10
805,10
813,10
823,10
840,10
850,10
851,10
854,10
861,10
870,10
872,10
877,10
879,10
881,10
884,10
886,10
888,10
889,10
894,10
895,10
903,10
905,10
910,10
919,10
920,10
923,10
940,10
942,10
969,10
989,10
1010,10
1022,10
1091,10
1136,10
1170,10
1197,10
1239,10
1316,10
1344,10
1404,10
1421,10
1533,10
1540,10
1572,10
1643,10
1653,10
1733,10
1828,10
1926,10
2108,10
2337,10
2490,10
2497,10
