1,129198
2,594120
3,1007837
4,1368183
5,1492860
6,1429857
7,1286760
8,1148790
9,1001690
10,889230
11,785260
12,696910
13,632370
14,575440
15,523840
16,487070
17,446010
18,422320
19,393950
20,374340
21,351540
22,331230
23,315210
24,304380
25,291290
26,281510
27,265930
28,257370
29,245320
30,240790
31,230300
32,223570
33,218210
34,209060
35,206520
36,198480
37,191970
38,186770
39,180900
40,178970
41,172600
42,169000
43,166040
44,162580
45,156660
46,151950
47,148190
48,143060
49,142840
50,143440
51,137100
52,133290
53,128610
54,126130
55,124000
56,120300
57,120340
58,112970
59,110340
60,112850
61,107560
62,103270
63,102280
64,100300
65,99130
66,96380
67,95090
68,91830
69,97060
70,90830
71,90760
72,88010
73,85170
74,83370
75,83780
76,80670
77,80680
78,78480
79,76360
80,75310
81,74060
82,71980
83,71230
84,69510
85,67260
86,67330
87,64750
88,66230
89,64330
90,63900
91,62560
92,61620
93,61400
94,58040
95,58840
96,57780
97,57260
98,57230
99,56600
100,61620
101,58110
102,55250
103,54630
104,52740
105,53500
106,53200
107,51160
108,49200
109,49750
110,48400
111,50560
112,48630
113,47690
114,48290
115,46350
116,46010
117,45570
118,45180
119,44160
120,45550
121,45230
122,43520
123,43580
124,44940
125,42690
126,42670
127,42660
128,44130
129,41550
130,43070
131,43490
132,42290
133,42780
134,42110
135,43810
136,43710
137,44370
138,45710
139,45790
140,46820
141,48670
142,50930
143,51330
144,53260
145,56580
146,60110
147,64970
148,74270
149,89530
150,190080
151,76270
152,73270
153,66660
154,54630
155,46430
156,37720
157,30900
158,26010
159,21960
160,19290
161,16650
162,14930
163,12240
164,11370
165,10020
166,9620
167,8080
168,8490
169,7210
170,7150
171,6170
172,5860
173,5140
174,5160
175,4790
176,4520
177,4000
178,3690
179,3780
180,3510
181,3140
182,3260
183,2830
184,2700
185,2870
186,3220
187,2380
188,2550
189,2330
190,2130
191,2200
192,1950
193,2030
194,1930
195,2010
196,1760
197,1900
198,1770
199,1560
200,2200
201,1460
202,1540
203,1440
204,1360
205,1620
206,1310
207,1470
208,1630
209,1650
210,1580
211,1620
212,1240
213,1340
214,1500
215,1590
216,1320
217,1310
218,1040
219,1530
220,1220
221,1330
222,1440
223,1340
224,1410
225,1210
226,1310
227,1060
228,1280
229,1280
230,1020
231,1100
232,910
233,1290
234,1040
235,850
236,890
237,800
238,860
239,890
240,770
241,620
242,600
243,650
244,630
245,490
246,500
247,550
248,560
249,400
250,540
251,480
252,290
253,430
254,310
255,430
256,200
257,250
258,280
259,220
260,220
261,200
262,230
263,210
264,200
265,140
266,120
267,110
268,140
269,130
270,120
271,90
272,90
273,50
274,90
275,30
276,80
277,80
278,40
279,20
280,70
281,30
282,80
283,10
284,10
285,30
286,10
287,20
288,10
290,30
291,10
292,30
293,60
294,10
297,30
298,20
299,20
300,50
