1,627020
2,3020783
3,5052803
4,6842439
5,7464422
6,7149244
7,6433802
8,5743950
9,5008450
10,4446150
11,3926305
12,3484550
13,3161837
14,2877200
15,2619187
16,2435350
17,2230050
18,2111600
19,1969750
20,1871700
21,1757700
22,1656150
23,1576050
24,1521900
25,1456450
26,1407550
27,1329650
28,1286850
29,1226600
30,1203950
31,1151500
32,1117850
33,1091050
34,1045300
35,1032600
36,992400
37,959850
38,933850
39,904500
40,894850
41,863000
42,845000
43,830200
44,812900
45,783300
46,759750
47,740950
48,715300
49,714200
50,717200
51,685500
52,666450
53,643050
54,630650
55,620000
56,601500
57,601700
58,564850
59,551700
60,564250
61,537800
62,516350
63,511400
64,501500
65,495650
66,481900
67,475450
68,459150
69,485300
70,454150
71,453800
72,440050
73,425850
74,416850
75,418900
76,403350
77,403400
78,392400
79,381800
80,376550
81,370300
82,359900
83,356150
84,347550
85,336300
86,336650
87,323750
88,331150
89,321650
90,319500
91,312800
92,308100
93,307000
94,290200
95,294200
96,288900
97,286300
98,286150
99,283000
100,308100
101,290550
102,276250
103,273150
104,263700
105,267500
106,266000
107,255800
108,246000
109,248750
110,242000
111,252800
112,243150
113,238450
114,241450
115,231750
116,230050
117,227850
118,225900
119,220800
120,227750
121,226150
122,217600
123,217900
124,224700
125,213450
126,213350
127,213300
128,220650
129,207750
130,215350
131,217450
132,211450
133,213900
134,210550
135,219050
136,218550
137,221850
138,228550
139,228950
140,234100
141,243350
142,254650
143,256650
144,266300
145,282900
146,300550
147,324850
148,371350
149,447650
150,950400
151,381350
152,366350
153,333300
154,273150
155,232150
156,188600
157,154500
158,130050
159,109800
160,96450
161,83250
162,74650
163,61200
164,56850
165,50100
166,48100
167,40400
168,42450
169,36050
170,35750
171,30850
172,29300
173,25700
174,25800
175,23950
176,22600
177,20000
178,18450
179,18900
180,17550
181,15700
182,16300
183,14150
184,13500
185,14350
186,16100
187,11900
188,12750
189,11650
190,10650
191,11000
192,9750
193,10150
194,9650
195,10050
196,8800
197,9500
198,8850
199,7800
200,11000
201,7300
202,7700
203,7200
204,6800
205,8100
206,6550
207,7350
208,8150
209,8250
210,7900
211,8100
212,6200
213,6700
214,7500
215,7950
216,6600
217,6550
218,5200
219,7650
220,6100
221,6650
222,7200
223,6700
224,7050
225,6050
226,6550
227,5300
228,6400
229,6400
230,5100
231,5500
232,4550
233,6450
234,5200
235,4250
236,4450
237,4000
238,4300
239,4450
240,3850
241,3100
242,3000
243,3250
244,3150
245,2450
246,2500
247,2750
248,2800
249,2000
250,2700
251,2400
252,1450
253,2150
254,1550
255,2150
256,1000
257,1250
258,1400
259,1100
260,1100
261,1000
262,1150
263,1050
264,1000
265,700
266,600
267,550
268,700
269,650
270,600
271,450
272,450
273,250
274,450
275,150
276,400
277,400
278,200
279,100
280,350
281,150
282,400
283,50
284,50
285,150
286,50
287,100
288,50
290,150
291,50
292,150
293,300
294,50
297,150
298,100
299,100
300,250
