1,897
2,20230
3,19720
4,17340
5,17070
6,16960
7,17800
8,19300
9,21040
10,23260
11,25550
12,29350
13,32840
14,34930
15,38690
16,38900
17,39170
18,40200
19,38960
20,39760
21,39620
22,38400
23,39900
24,38610
25,38380
26,38700
27,37830
28,37010
29,36110
30,35960
31,35000
32,36740
33,34590
34,33670
35,33080
36,32830
37,33520
38,32570
39,33510
40,32290
41,31320
42,30620
43,31140
44,31460
45,29470
46,28060
47,28230
48,28620
49,26800
50,27330
51,25990
52,25390
53,26110
54,24620
55,24770
56,25570
57,24940
58,24750
59,23590
60,22980
61,22420
62,22120
63,20550
64,21130
65,20060
66,19840
67,18560
68,19700
69,18280
70,18170
71,17900
72,17670
73,18320
74,16960
75,17480
76,17230
77,16500
78,15670
79,15430
80,15470
81,15580
82,15710
83,14840
84,15210
85,14340
86,15050
87,13800
88,15000
89,13260
90,13770
91,13830
92,13240
93,13380
94,13300
95,13480
96,13310
97,12700
98,13020
99,12550
100,12080
101,12200
102,12720
103,12040
104,12040
105,11440
106,11630
107,11100
108,11330
109,10870
110,10680
111,11330
112,11500
113,11550
114,10550
115,10360
116,10670
117,10370
118,10550
119,10520
120,9970
121,9590
122,10620
123,10260
124,10270
125,10930
126,9910
127,9750
128,9740
129,9030
130,8870
131,9330
132,9650
133,9250
134,9490
135,9080
136,9500
137,9190
138,8890
139,8660
140,8860
141,8700
142,8210
143,8650
144,8640
145,8540
146,8960
147,8340
148,8700
149,8500
150,8010
151,8280
152,7830
153,8070
154,8110
155,7600
156,7810
157,8160
158,7630
159,7930
160,7830
161,7650
162,7360
163,7750
164,7620
165,7080
166,7060
167,7060
168,7420
169,6940
170,7420
171,7330
172,7000
173,7150
174,7480
175,6640
176,7110
177,6930
178,6950
179,6210
180,6600
181,6490
182,6630
183,5950
184,6670
185,6040
186,6560
187,6080
188,6100
189,6470
190,6300
191,6320
192,6400
193,6270
194,6110
195,6200
196,5830
197,6320
198,6220
199,6080
200,6050
201,5850
202,6270
203,6030
204,5890
205,6040
206,5860
207,5480
208,5800
209,5530
210,5900
211,6370
212,5400
213,5780
214,5600
215,5670
216,5610
217,5670
218,5100
219,5470
220,5440
221,5120
222,5170
223,5220
224,5690
225,5240
226,5280
227,5100
228,4950
229,5050
230,4980
231,5060
232,5110
233,4960
234,5300
235,5100
236,4600
237,5210
238,5460
239,5180
240,4570
241,4810
242,4880
243,4690
244,5010
245,4700
246,4580
247,4760
248,4330
249,4830
250,4660
251,4850
252,4720
253,4500
254,4350
255,4730
256,4280
257,4460
258,4140
259,4470
260,3910
261,4340
262,4330
263,4260
264,3990
265,3940
266,3710
267,4460
268,4090
269,4270
270,4540
271,4090
272,4140
273,3890
274,4090
275,4170
276,4050
277,3500
278,4130
279,4150
280,3970
281,4170
282,3750
283,4300
284,3530
285,3820
286,3710
287,4030
288,3820
289,3560
290,3690
291,3970
292,3620
293,3670
294,3720
295,3760
296,3660
297,3760
298,3730
299,3960
300,3480
301,3570
302,3570
303,3560
304,3730
305,3170
306,3510
307,3190
308,3480
309,3540
310,3770
311,3770
312,3670
313,3540
314,3660
315,3590
316,3460
317,3260
318,3480
319,3270
320,2870
321,3300
322,3240
323,3190
324,3210
325,3300
326,3130
327,3200
328,3210
329,3080
330,3180
331,3020
332,3020
333,3150
334,3120
335,3090
336,3640
337,3080
338,3220
339,2880
340,3200
341,3200
342,3020
343,3040
344,3020
345,2920
346,2900
347,2910
348,3050
349,3110
350,3020
351,2820
352,2710
353,2560
354,2820
355,2900
356,2640
357,2730
358,2810
359,2590
360,2780
361,2790
362,2650
363,2750
364,2830
365,2640
366,2730
367,2610
368,2590
369,2710
370,2610
371,2580
372,2870
373,3070
374,2910
375,2900
376,2430
377,2380
378,2520
379,2580
380,2510
381,2600
382,2260
383,2580
384,2240
385,2300
386,2410
387,2370
388,2290
389,2330
390,2600
391,2630
392,2480
393,2360
394,2680
395,2670
396,2210
397,2690
398,2470
399,2270
400,2390
401,2560
402,2630
403,2370
404,2360
405,2280
406,2140
407,2470
408,2370
409,2340
410,2380
411,2290
412,2290
413,2280
414,2250
415,2310
416,2220
417,2220
418,2820
419,2500
420,2130
421,1970
422,2120
423,2400
424,2270
425,2130
426,2290
427,2210
428,2110
429,2220
430,2190
431,2040
432,2010
433,2100
434,2160
435,2120
436,2220
437,2020
438,2270
439,2080
440,1770
441,2180
442,2160
443,2130
444,1980
445,1870
446,2120
447,1960
448,1990
449,1920
450,2090
451,2120
452,2120
453,1720
454,1900
455,2070
456,1990
457,1890
458,2020
459,1990
460,1830
461,1880
462,1640
463,1570
464,1800
465,1840
466,1950
467,1810
468,1850
469,2020
470,1860
471,1780
472,1590
473,1710
474,1860
475,1810
476,1920
477,1720
478,1920
479,1810
480,1650
481,1590
482,1860
483,1700
484,1840
485,1690
486,1710
487,1660
488,1920
489,1750
490,1710
491,1400
492,1790
493,1760
494,1800
495,1690
496,1630
497,1740
498,1830
499,1640
500,1660
501,1620
502,1470
503,1700
504,1590
505,1550
506,1560
507,1610
508,1550
509,1820
510,1430
511,1660
512,1870
513,1410
514,1870
515,1820
516,1500
517,1590
518,1460
519,1420
520,1560
521,1500
522,1540
523,1660
524,1220
525,1420
526,1540
527,1440
528,1570
529,1780
530,1450
531,1600
532,1390
533,1600
534,1700
535,1180
536,1530
537,1580
538,1420
539,1440
540,1430
541,1320
542,1560
543,1230
544,1540
545,1330
546,1360
547,1500
548,1460
549,1240
550,1410
551,1520
552,1520
553,1360
554,1330
555,1470
556,1360
557,1340
558,1700
559,1390
560,1270
561,1390
562,1330
563,1470
564,1330
565,1420
566,1450
567,1360
568,1200
569,1310
570,1460
571,1340
572,1100
573,1360
574,1210
575,1350
576,1220
577,1300
578,1430
579,1270
580,1420
581,1410
582,1250
583,1140
584,1200
585,1260
586,1300
587,1300
588,1200
589,1140
590,1330
591,1310
592,1340
593,1400
594,1220
595,1070
596,1170
597,1080
598,1190
599,1130
600,1120
601,1110
602,1200
603,1240
604,1300
605,1260
606,1270
607,1250
608,1330
609,1350
610,1130
611,1260
612,1200
613,1030
614,1240
615,1290
616,1060
617,1190
618,1280
619,970
620,910
621,1190
622,1130
623,1160
624,1070
625,1190
626,1110
627,1070
628,1150
629,1050
630,1090
631,1060
632,1130
633,980
634,1310
635,1040
636,1040
637,980
638,1010
639,1220
640,1040
641,980
642,1040
643,920
644,920
645,950
646,1050
647,910
648,870
649,1010
650,990
651,1030
652,960
653,1030
654,1130
655,990
656,940
657,980
658,980
659,1030
660,1010
661,1010
662,920
663,1030
664,990
665,820
666,1000
667,920
668,1020
669,960
670,930
671,890
672,1140
673,960
674,960
675,1040
676,1080
677,750
678,750
679,1130
680,870
681,880
682,960
683,900
684,840
685,1030
686,850
687,940
688,780
689,850
690,860
691,770
692,810
693,920
694,1010
695,850
696,750
697,1030
698,900
699,760
700,810
701,860
702,770
703,930
704,870
705,980
706,790
707,820
708,970
709,850
710,920
711,820
712,840
713,790
714,670
715,910
716,800
717,630
718,810
719,870
720,860
721,770
722,770
723,740
724,870
725,780
726,720
727,850
728,700
729,840
730,820
731,840
732,660
733,750
734,850
735,960
736,680
737,860
738,710
739,730
740,850
741,730
742,610
743,800
744,640
745,680
746,630
747,750
748,710
749,690
750,530
751,580
752,580
753,640
754,820
755,780
756,620
757,740
758,820
759,710
760,870
761,730
762,750
763,670
764,660
765,670
766,730
767,710
768,610
769,680
770,610
771,640
772,550
773,610
774,700
775,660
776,600
777,730
778,700
779,790
780,710
781,680
782,620
783,580
784,690
785,730
786,640
787,720
788,650
789,610
790,580
791,700
792,690
793,560
794,620
795,690
796,760
797,590
798,560
799,550
800,660
801,590
802,450
803,620
804,760
805,590
806,580
807,570
808,740
809,640
810,600
811,590
812,610
813,680
814,630
815,520
816,530
817,520
818,700
819,500
820,630
821,680
822,500
823,490
824,720
825,530
826,620
827,630
828,650
829,450
830,510
831,610
832,640
833,520
834,560
835,490
836,580
837,620
838,520
839,530
840,570
841,610
842,510
843,600
844,510
845,570
846,500
847,520
848,610
849,550
850,550
851,510
852,630
853,530
854,520
855,530
856,560
857,510
858,420
859,520
860,620
861,570
862,390
863,670
864,520
865,510
866,540
867,460
868,490
869,540
870,530
871,540
872,520
873,510
874,520
875,450
876,520
877,410
878,590
879,450
880,490
881,570
882,450
883,370
884,490
885,380
886,460
887,580
888,460
889,540
890,520
891,490
892,620
893,520
894,400
895,480
896,440
897,440
898,420
899,490
900,570
901,370
902,390
903,520
904,520
905,340
906,390
907,450
908,470
909,400
910,580
911,450
912,450
913,300
914,470
915,490
916,430
917,440
918,380
919,410
920,310
921,400
922,510
923,500
924,570
925,420
926,470
927,410
928,420
929,440
930,330
931,460
932,350
933,480
934,350
935,290
936,520
937,400
938,390
939,480
940,460
941,430
942,450
943,410
944,420
945,290
946,510
947,490
948,400
949,450
950,430
951,360
952,380
953,390
954,370
955,430
956,400
957,410
958,250
959,360
960,320
961,340
962,370
963,460
964,420
965,230
966,520
967,400
968,360
969,490
970,380
971,320
972,360
973,310
974,400
975,340
976,340
977,360
978,500
979,320
980,430
981,370
982,410
983,400
984,320
985,380
986,490
987,350
988,270
989,410
990,440
991,390
992,280
993,420
994,320
995,360
996,430
997,430
998,420
999,360
1000,410
1001,230
1002,330
1003,340
1004,390
1005,320
1006,290
1007,310
1008,350
1009,450
1010,300
1011,280
1012,440
1013,320
1014,330
1015,400
1016,240
1017,300
1018,310
1019,370
1020,360
1021,260
1022,410
1023,340
1024,260
1025,280
1026,350
1027,300
1028,280
1029,340
1030,340
1031,280
1032,300
1033,280
1034,300
1035,230
1036,410
1037,260
1038,320
1039,290
1040,320
1041,250
1042,380
1043,340
1044,390
1045,320
1046,330
1047,400
1048,300
1049,250
1050,290
1051,320
1052,240
1053,330
1054,300
1055,260
1056,300
1057,280
1058,320
1059,350
1060,260
1061,290
1062,370
1063,240
1064,320
1065,350
1066,400
1067,210
1068,370
1069,200
1070,290
1071,390
1072,430
1073,260
1074,300
1075,290
1076,340
1077,280
1078,230
1079,280
1080,290
1081,200
1082,240
1083,330
1084,240
1085,240
1086,350
1087,180
1088,360
1089,330
1090,240
1091,320
1092,360
1093,280
1094,220
1095,190
1096,300
1097,200
1098,290
1099,370
1100,320
1101,200
1102,340
1103,280
1104,190
1105,320
1106,240
1107,300
1108,360
1109,240
1110,270
1111,260
1112,190
1113,230
1114,240
1115,200
1116,200
1117,340
1118,270
1119,310
1120,170
1121,200
1122,370
1123,250
1124,160
1125,260
1126,160
1127,300
1128,390
1129,200
1130,280
1131,230
1132,210
1133,260
1134,300
1135,310
1136,280
1137,200
1138,250
1139,170
1140,280
1141,240
1142,160
1143,270
1144,180
1145,310
1146,210
1147,280
1148,290
1149,170
1150,330
1151,240
1152,260
1153,240
1154,190
1155,220
1156,240
1157,220
1158,230
1159,270
1160,220
1161,210
1162,210
1163,240
1164,220
1165,220
1166,260
1167,230
1168,200
1169,260
1170,180
1171,270
1172,290
1173,230
1174,150
1175,160
1176,240
1177,190
1178,180
1179,260
1180,200
1181,230
1182,210
1183,180
1184,210
1185,210
1186,180
1187,240
1188,170
1189,240
1190,200
1191,200
1192,180
1193,180
1194,200
1195,240
1196,150
1197,230
1198,210
1199,210
1200,240
1201,120
1202,140
1203,170
1204,210
1205,210
1206,180
1207,180
1208,200
1209,260
1210,250
1211,160
1212,200
1213,180
1214,190
1215,170
1216,140
1217,160
1218,160
1219,140
1220,300
1221,170
1222,200
1223,110
1224,200
1225,140
1226,160
1227,180
1228,150
1229,170
1230,300
1231,140
1232,190
1233,190
1234,150
1235,110
1236,270
1237,130
1238,130
1239,130
1240,160
1241,130
1242,140
1243,150
1244,160
1245,180
1246,220
1247,230
1248,210
1249,130
1250,210
1251,170
1252,160
1253,170
1254,160
1255,190
1256,180
1257,190
1258,210
1259,150
1260,140
1261,210
1262,220
1263,190
1264,130
1265,200
1266,180
1267,110
1268,140
1269,120
1270,110
1271,190
1272,120
1273,150
1274,150
1275,120
1276,100
1277,200
1278,130
1279,90
1280,90
1281,150
1282,220
1283,90
1284,190
1285,150
1286,180
1287,150
1288,230
1289,130
1290,110
1291,180
1292,150
1293,90
1294,140
1295,150
1296,130
1297,120
1298,130
1299,150
1300,170
1301,110
1302,220
1303,110
1304,230
1305,80
1306,120
1307,180
1308,80
1309,180
1310,80
1311,80
1312,80
1313,110
1314,140
1315,180
1316,170
1317,190
1318,130
1319,120
1320,160
1321,170
1322,160
1323,160
1324,130
1325,200
1326,100
1327,160
1328,130
1329,140
1330,110
1331,210
1332,180
1333,160
1334,150
1335,150
1336,160
1337,100
1338,120
1339,110
1340,120
1341,100
1342,180
1343,160
1344,100
1345,170
1346,80
1347,140
1348,90
1349,170
1350,120
1351,110
1352,130
1353,140
1354,50
1355,230
1356,90
1357,150
1358,130
1359,110
1360,120
1361,100
1362,70
1363,180
1364,150
1365,170
1366,190
1367,130
1368,120
1369,150
1370,130
1371,90
1372,120
1373,100
1374,90
1375,250
1376,140
1377,180
1378,80
1379,140
1380,110
1381,160
1382,160
1383,140
1384,110
1385,110
1386,130
1387,120
1388,170
1389,100
1390,120
1391,110
1392,100
1393,110
1394,70
1395,110
1396,120
1397,130
1398,70
1399,110
1400,90
1401,160
1402,150
1403,130
1404,120
1405,170
1406,140
1407,130
1408,110
1409,150
1410,130
1411,100
1412,60
1413,90
1414,130
1415,90
1416,110
1417,100
1418,90
1419,100
1420,90
1421,130
1422,180
1423,170
1424,110
1425,170
1426,90
1427,110
1428,110
1429,90
1430,70
1431,170
1432,80
1433,100
1434,90
1435,60
1436,130
1437,130
1438,80
1439,100
1440,90
1441,80
1442,120
1443,80
1444,100
1445,80
1446,130
1447,80
1448,100
1449,100
1450,120
1451,140
1452,80
1453,70
1454,100
1455,90
1456,130
1457,110
1458,70
1459,40
1460,80
1461,90
1462,110
1463,90
1464,120
1465,80
1466,110
1467,120
1468,60
1469,130
1470,40
1471,100
1472,120
1473,70
1474,110
1475,40
1476,50
1477,150
1478,90
1479,90
1480,80
1481,50
1482,110
1483,90
1484,140
1485,90
1486,110
1487,90
1488,120
1489,70
1490,80
1491,90
1492,60
1493,100
1494,120
1495,100
1496,50
1497,90
1498,80
1499,120
1500,80
1501,70
1502,60
1503,40
1504,40
1505,90
1506,90
1507,100
1508,90
1509,120
1510,90
1511,110
1512,130
1513,50
1514,90
1515,60
1516,90
1517,70
1518,100
1519,130
1520,110
1521,70
1522,70
1523,90
1524,140
1525,170
1526,120
1527,80
1528,80
1529,80
1530,60
1531,60
1532,80
1533,50
1534,70
1535,80
1536,90
1537,100
1538,130
1539,90
1540,80
1541,140
1542,80
1543,70
1544,120
1545,20
1546,60
1547,120
1548,60
1549,80
1550,100
1551,50
1552,80
1553,90
1554,90
1555,40
1556,70
1557,90
1558,40
1559,90
1560,90
1561,90
1562,60
1563,30
1564,70
1565,70
1566,70
1567,80
1568,90
1569,80
1570,90
1571,40
1572,80
1573,120
1574,110
1575,100
1576,60
1577,60
1578,70
1579,60
1580,90
1581,60
1582,40
1583,30
1584,30
1585,100
1586,40
1587,60
1588,80
1589,80
1590,100
1591,90
1592,80
1593,60
1594,70
1595,50
1596,40
1597,110
1598,70
1599,60
1600,70
1601,100
1602,40
1603,50
1604,80
1605,40
1606,50
1607,60
1608,90
1609,40
1610,50
1611,80
1612,40
1613,80
1614,30
1615,50
1616,70
1617,110
1618,80
1619,70
1620,50
1621,60
1622,110
1623,100
1624,120
1625,50
1626,10
1627,70
1628,90
1629,40
1630,110
1631,60
1632,40
1633,50
1634,70
1635,30
1636,60
1637,70
1638,100
1639,40
1640,20
1641,70
1642,30
1643,80
1644,40
1645,40
1646,20
1647,70
1648,60
1649,80
1650,40
1651,30
1652,50
1653,140
1654,80
1655,40
1656,40
1657,20
1658,90
1659,60
1660,60
1661,50
1662,60
1663,90
1664,60
1665,50
1666,60
1667,60
1668,30
1669,70
1670,40
1671,50
1672,50
1673,60
1674,50
1675,40
1676,60
1677,30
1678,60
1679,30
1680,30
1681,30
1682,20
1683,40
1684,60
1685,50
1686,40
1687,30
1688,40
1689,50
1690,50
1691,50
1692,50
1693,30
1694,30
1695,100
1696,50
1697,40
1698,20
1699,30
1700,30
1701,70
1702,60
1703,130
1704,10
1705,70
1706,50
1707,40
1708,80
1709,30
1710,50
1711,80
1712,20
1713,40
1714,50
1715,70
1716,60
1717,40
1718,70
1719,40
1720,30
1721,50
1722,10
1723,50
1724,80
1725,110
1726,10
1727,30
1728,50
1729,50
1730,50
1731,40
1732,30
1733,50
1734,70
1735,50
1736,90
1737,90
1738,50
1739,60
1740,30
1741,30
1742,70
1743,40
1744,30
1745,70
1746,60
1747,60
1748,30
1749,20
1750,50
1751,70
1752,20
1753,40
1754,40
1755,20
1756,20
1757,40
1758,50
1759,40
1760,40
1761,20
1762,60
1763,40
1764,70
1765,70
1766,30
1767,110
1768,60
1769,40
1770,20
1771,60
1772,80
1773,30
1774,50
1775,10
1776,60
1777,30
1778,20
1779,20
1780,40
1781,20
1782,70
1784,30
1785,60
1786,60
1787,10
1788,50
1789,40
1790,50
1791,30
1792,60
1793,40
1794,30
1795,40
1796,70
1797,20
1798,30
1799,60
1800,40
1801,20
1802,50
1803,40
1804,50
1805,40
1806,30
1807,50
1808,90
1809,40
1810,30
1811,60
1812,10
1813,20
1814,60
1815,50
1816,50
1817,50
1818,40
1819,50
1820,40
1821,30
1822,10
1823,40
1824,20
1825,20
1826,50
1827,50
1828,10
1829,20
1830,10
1831,50
1832,30
1833,50
1834,20
1835,20
1836,20
1837,30
1838,30
1839,50
1840,20
1841,40
1842,50
1843,30
1844,30
1845,30
1846,20
1847,10
1848,20
1849,70
1850,40
1851,60
1852,40
1853,20
1854,20
1855,40
1856,40
1857,40
1858,60
1859,40
1860,60
1861,50
1862,10
1863,50
1864,10
1865,50
1866,90
1867,40
1868,10
1869,30
1870,50
1871,20
1872,30
1873,50
1874,50
1875,70
1876,30
1877,10
1878,50
1879,40
1880,10
1881,30
1882,40
1883,30
1884,60
1885,50
1886,40
1888,40
1889,20
1890,20
1892,20
1893,30
1894,20
1895,60
1897,30
1898,60
1899,30
1900,40
1901,20
1902,40
1903,40
1904,60
1905,50
1906,40
1907,40
1908,20
1909,20
1910,40
1911,30
1912,30
1913,10
1914,60
1915,20
1916,50
1917,10
1918,30
1919,50
1920,30
1921,30
1922,40
1923,50
1924,20
1925,80
1926,20
1927,20
1928,20
1929,10
1930,40
1931,30
1932,10
1933,50
1934,60
1935,10
1937,40
1938,50
1939,40
1940,50
1941,30
1942,20
1943,20
1944,20
1945,10
1946,50
1947,40
1948,70
1950,10
1951,30
1952,20
1953,10
1954,20
1955,10
1956,20
1957,30
1958,30
1959,30
1960,40
1961,20
1962,30
1963,10
1964,30
1965,40
1966,20
1968,10
1969,40
1970,50
1971,40
1972,20
1973,10
1974,40
1975,40
1976,10
1977,30
1978,40
1979,20
1980,10
1981,20
1982,30
1983,10
1984,20
1985,50
1986,20
1987,10
1988,40
1989,20
1990,30
1991,40
1992,40
1993,20
1994,20
1995,10
1996,30
1997,10
1998,10
1999,40
2000,20
2001,10
2002,30
2003,20
2004,70
2005,30
2006,20
2007,30
2008,60
2009,10
2010,10
2011,40
2012,10
2013,20
2014,10
2015,30
2016,20
2017,20
2018,50
2019,50
2020,40
2021,50
2022,40
2023,20
2025,10
2026,20
2027,60
2028,30
2029,10
2030,20
2031,20
2032,30
2033,40
2034,10
2035,30
2036,20
2037,40
2038,10
2039,10
2041,20
2042,30
2043,40
2044,20
2045,20
2047,30
2048,40
2049,30
2050,30
2051,10
2052,20
2053,10
2054,10
2055,40
2056,40
2057,20
2059,60
2060,20
2061,50
2062,10
2063,30
2064,20
2065,40
2066,40
2067,30
2068,30
2069,20
2070,20
2072,10
2073,10
2074,20
2075,20
2076,10
2077,20
2078,30
2079,10
2080,10
2081,20
2083,50
2084,20
2085,40
2086,10
2087,20
2088,20
2091,10
2092,30
2094,10
2095,40
2096,10
2097,10
2099,10
2100,20
2102,30
2103,30
2104,20
2105,20
2106,30
2107,30
2108,10
2110,50
2111,10
2112,10
2113,40
2114,10
2116,30
2117,30
2118,20
2119,20
2120,40
2121,30
2122,10
2123,50
2124,20
2125,10
2126,10
2127,10
2128,10
2130,20
2132,10
2133,20
2134,10
2135,30
2136,30
2137,30
2138,10
2139,30
2141,10
2142,10
2144,20
2145,20
2146,20
2147,20
2148,10
2149,10
2151,30
2152,10
2153,10
2154,50
2156,10
2157,20
2159,20
2161,20
2163,20
2164,10
2165,40
2166,20
2167,10
2168,10
2169,20
2170,10
2171,40
2173,50
2174,10
2175,30
2176,30
2177,20
2179,20
2180,10
2181,10
2182,20
2184,20
2185,20
2186,40
2188,10
2190,10
2191,30
2192,10
2193,20
2194,30
2195,30
2196,20
2198,20
2199,40
2200,10
2201,10
2202,20
2203,30
2204,10
2205,10
2206,10
2207,30
2208,10
2209,10
2210,20
2211,20
2212,10
2214,20
2217,30
2218,10
2219,10
2221,20
2223,20
2225,30
2226,20
2227,10
2230,10
2231,30
2235,10
2236,10
2237,10
2238,10
2241,20
2245,20
2248,10
2249,10
2250,40
2251,20
2252,30
2253,40
2254,20
2255,10
2256,10
2257,10
2258,10
2260,20
2262,20
2264,10
2265,10
2266,20
2267,10
2270,10
2272,10
2273,30
2276,10
2277,10
2278,10
2279,20
2280,60
2281,10
2282,10
2283,10
2284,10
2286,20
2288,20
2289,10
2290,10
2291,10
2292,10
2293,30
2294,40
2295,10
2298,20
2299,40
2300,10
2301,10
2302,10
2303,10
2304,10
2305,10
2306,30
2307,10
2310,10
2311,10
2312,10
2313,20
2315,10
2316,10
2318,20
2319,20
2320,10
2321,20
2322,20
2323,20
2324,10
2326,30
2327,20
2328,10
2330,20
2332,10
2333,10
2334,20
2337,30
2338,20
2339,20
2342,10
2345,10
2346,30
2350,10
2351,10
2352,30
2354,10
2356,10
2357,10
2360,10
2363,20
2365,20
2366,10
2367,10
2371,10
2372,10
2374,10
2376,10
2377,10
2378,20
2379,30
2380,10
2381,30
2382,10
2384,20
2385,10
2386,10
2387,10
2389,10
2390,40
2391,20
2393,20
2394,20
2397,20
2399,10
2400,10
2401,10
2402,20
2405,20
2406,10
2407,10
2408,10
2410,10
2411,10
2413,30
2414,10
2415,10
2416,10
2417,10
2418,20
2423,30
2425,20
2427,10
2428,20
2430,10
2431,10
2432,20
2433,10
2434,10
2435,20
2436,10
2437,10
2443,10
2444,20
2446,10
2448,20
2449,10
2450,10
2451,30
2453,20
2454,20
2455,10
2456,10
2457,10
2459,20
2461,10
2463,20
2464,10
2466,10
2468,10
2469,10
2470,10
2471,20
2474,20
2477,10
2479,10
2482,10
2483,20
2484,10
2485,20
2486,10
2487,10
2488,20
2489,40
2490,10
2491,10
2493,10
2494,20
2495,10
2496,10
2498,10
2499,10
2500,20
2503,10
2504,10
2506,10
2508,10
2509,10
2510,10
2513,20
2514,20
2518,10
2520,10
2521,20
2522,10
2523,10
2527,10
2528,10
2531,10
2537,10
2538,10
2539,10
2541,10
2544,10
2545,20
2546,10
2548,10
2549,10
2551,10
2555,20
2556,10
2558,10
2559,10
2560,20
2561,10
2562,10
2563,20
2564,20
2568,10
2569,10
2570,10
2571,20
2574,20
2575,10
2576,20
2578,10
2581,30
2582,10
2583,10
2585,20
2587,10
2588,10
2589,10
2590,10
2591,20
2593,20
2601,10
2602,30
2603,10
2604,10
2606,20
2607,10
2608,20
2609,20
2611,10
2613,10
2615,10
2617,10
2620,10
2622,30
2628,10
2629,10
2630,10
2632,20
2634,10
2636,30
2637,10
2639,10
2647,10
2648,20
2649,20
2650,10
2652,10
2654,10
2662,30
2663,20
2665,10
2669,10
2672,10
2676,10
2679,10
2680,10
2682,10
2684,10
2685,20
2686,20
2688,10
2690,10
2695,10
2696,10
2697,10
2699,10
2703,10
2708,10
2712,20
2714,10
2715,30
2716,10
2718,10
2721,30
2722,20
2723,10
2725,10
2726,20
2727,10
2729,20
2731,10
2735,30
2740,10
2741,20
2743,10
2746,10
2748,10
2751,20
2756,10
2757,10
2758,10
2759,10
2762,10
2765,10
2766,10
2769,10
2772,10
2778,10
2779,10
2785,10
2787,10
2794,10
2797,10
2799,10
2800,10
2803,10
2805,10
2806,10
2807,10
2814,20
2816,10
2818,10
2825,10
2830,10
2831,10
2832,10
2834,10
2837,10
2838,10
2849,20
2852,10
2853,10
2855,10
2856,10
2857,20
2861,10
2862,10
2867,10
2871,20
2875,10
2879,20
2880,40
2881,10
2882,10
2883,20
2884,20
2890,10
2892,10
2895,10
2901,10
2911,10
2917,10
2919,10
2933,20
2939,10
2941,10
2946,20
2951,10
2953,20
2962,10
2964,10
2966,20
2969,10
2972,10
2973,10
2976,10
2981,10
2982,40
2983,10
2990,10
2992,10
2997,20
3003,10
3006,10
3009,10
3012,10
3013,10
3020,10
3025,10
3029,10
3030,10
3044,10
3049,10
3062,10
3066,10
3067,10
3069,10
3074,10
3079,10
3085,10
3090,10
3091,10
3094,10
3098,10
3099,20
3101,10
3108,10
3111,10
3118,20
3122,20
3127,10
3132,10
3134,10
3137,10
3144,10
3151,10
3153,10
3158,10
3164,20
3165,10
3170,10
3171,20
3172,10
3176,10
3187,10
3207,20
3208,10
3214,10
3216,10
3219,10
3222,10
3228,10
3229,10
3231,20
3233,10
3240,10
3242,10
3256,30
3259,10
3262,10
3265,10
3268,10
3277,10
3279,10
3293,20
3295,10
3298,10
3301,10
3306,10
3309,10
3333,10
3335,10
3340,10
3346,10
3348,10
3350,10
3365,10
3372,10
3373,10
3376,10
3379,10
3383,10
3391,10
3393,10
3399,10
3406,10
3409,10
3432,10
3435,10
3442,10
3444,10
3449,10
3454,10
3461,10
3465,10
3470,10
3473,10
3480,10
3493,10
3510,10
3513,10
3523,10
3534,10
3557,10
3568,10
3570,10
3571,10
3572,10
3617,10
3640,10
3648,10
3654,10
3662,10
3671,10
3676,10
3682,10
3687,10
3702,10
3720,10
3722,10
3734,10
3749,10
3803,10
3813,10
3826,10
3846,10
3851,10
3868,10
3877,10
3929,10
3953,10
3974,10
3983,10
3987,10
4004,10
4007,10
4009,10
4017,20
4026,10
4049,10
4069,10
4098,10
4100,10
4108,10
4124,10
4127,10
4170,10
4179,10
4183,10
4278,10
4288,10
4327,20
4333,10
4343,10
4370,10
4395,10
4407,10
4415,10
4436,10
4475,10
4558,10
4575,10
4579,10
4656,10
4659,10
4679,10
4726,10
4729,10
4731,10
4748,10
4752,10
4761,10
4762,10
4797,10
4913,10
4926,10
4947,10
4953,10
5099,10
5144,10
5150,10
5249,10
5413,10
5533,10
5611,10
5689,10
5736,10
5748,10
5827,10
5841,10
5867,10
5900,10
5940,10
5996,10
6074,10
6169,10
6209,10
6349,10
6684,10
6703,10
6719,10
6736,10
6740,10
6790,10
6844,10
6997,10
7080,10
7257,10
7481,10
8322,10
8387,10
8880,10
9064,10
9740,10
9767,10
9822,10
14831,10
15813,10
16565,10
17436,10
17653,10
