1,9815
2,103719
3,98600
4,86700
5,85350
6,84800
7,89000
8,96500
9,105200
10,116300
11,127750
12,146750
13,164200
14,174650
15,193450
16,194500
17,195850
18,201000
19,194800
20,198800
21,198100
22,192000
23,199500
24,193050
25,191900
26,193500
27,189150
28,185050
29,180550
30,179800
31,175000
32,183700
33,172950
34,168350
35,165400
36,164150
37,167600
38,162850
39,167550
40,161450
41,156600
42,153100
43,155700
44,157300
45,147350
46,140300
47,141150
48,143100
49,134000
50,136650
51,129950
52,126950
53,130550
54,123100
55,123850
56,127850
57,124700
58,123750
59,117950
60,114900
61,112100
62,110600
63,102750
64,105650
65,100300
66,99200
67,92800
68,98500
69,91400
70,90850
71,89500
72,88350
73,91600
74,84800
75,87400
76,86150
77,82500
78,78350
79,77150
80,77350
81,77900
82,78550
83,74200
84,76050
85,71700
86,75250
87,69000
88,75000
89,66300
90,68850
91,69150
92,66200
93,66900
94,66500
95,67400
96,66550
97,63500
98,65100
99,62750
100,60400
101,61000
102,63600
103,60200
104,60200
105,57200
106,58150
107,55500
108,56650
109,54350
110,53400
111,56650
112,57500
113,57750
114,52750
115,51800
116,53350
117,51850
118,52750
119,52600
120,49850
121,47950
122,53100
123,51300
124,51350
125,54650
126,49550
127,48750
128,48700
129,45150
130,44350
131,46650
132,48250
133,46250
134,47450
135,45400
136,47500
137,45950
138,44450
139,43300
140,44300
141,43500
142,41050
143,43250
144,43200
145,42700
146,44800
147,41700
148,43500
149,42500
150,40050
151,41400
152,39150
153,40350
154,40550
155,38000
156,39050
157,40800
158,38150
159,39650
160,39150
161,38250
162,36800
163,38750
164,38100
165,35400
166,35300
167,35300
168,37100
169,34700
170,37100
171,36650
172,35000
173,35750
174,37400
175,33200
176,35550
177,34650
178,34750
179,31050
180,33000
181,32450
182,33150
183,29750
184,33350
185,30200
186,32800
187,30400
188,30500
189,32350
190,31500
191,31600
192,32000
193,31350
194,30550
195,31000
196,29150
197,31600
198,31100
199,30400
200,30250
201,29250
202,31350
203,30150
204,29450
205,30200
206,29300
207,27400
208,29000
209,27650
210,29500
211,31850
212,27000
213,28900
214,28000
215,28350
216,28050
217,28350
218,25500
219,27350
220,27200
221,25600
222,25850
223,26100
224,28450
225,26200
226,26400
227,25500
228,24750
229,25250
230,24900
231,25300
232,25550
233,24800
234,26500
235,25500
236,23000
237,26050
238,27300
239,25900
240,22850
241,24050
242,24400
243,23450
244,25050
245,23500
246,22900
247,23800
248,21650
249,24150
250,23300
251,24250
252,23600
253,22500
254,21750
255,23650
256,21400
257,22300
258,20700
259,22350
260,19550
261,21700
262,21650
263,21300
264,19950
265,19700
266,18550
267,22300
268,20450
269,21350
270,22700
271,20450
272,20700
273,19450
274,20450
275,20850
276,20250
277,17500
278,20650
279,20750
280,19850
281,20850
282,18750
283,21500
284,17650
285,19100
286,18550
287,20150
288,19100
289,17800
290,18450
291,19850
292,18100
293,18350
294,18600
295,18800
296,18300
297,18800
298,18650
299,19800
300,17400
301,17850
302,17850
303,17800
304,18650
305,15850
306,17550
307,15950
308,17400
309,17700
310,18850
311,18850
312,18350
313,17700
314,18300
315,17950
316,17300
317,16300
318,17400
319,16350
320,14350
321,16500
322,16200
323,15950
324,16050
325,16500
326,15650
327,16000
328,16050
329,15400
330,15900
331,15100
332,15100
333,15750
334,15600
335,15450
336,18200
337,15400
338,16100
339,14400
340,16000
341,16000
342,15100
343,15200
344,15100
345,14600
346,14500
347,14550
348,15250
349,15550
350,15100
351,14100
352,13550
353,12800
354,14100
355,14500
356,13200
357,13650
358,14050
359,12950
360,13900
361,13950
362,13250
363,13750
364,14150
365,13200
366,13650
367,13050
368,12950
369,13550
370,13050
371,12900
372,14350
373,15350
374,14550
375,14500
376,12150
377,11900
378,12600
379,12900
380,12550
381,13000
382,11300
383,12900
384,11200
385,11500
386,12050
387,11850
388,11450
389,11650
390,13000
391,13150
392,12400
393,11800
394,13400
395,13350
396,11050
397,13450
398,12350
399,11350
400,11950
401,12800
402,13150
403,11850
404,11800
405,11400
406,10700
407,12350
408,11850
409,11700
410,11900
411,11450
412,11450
413,11400
414,11250
415,11550
416,11100
417,11100
418,14100
419,12500
420,10650
421,9850
422,10600
423,12000
424,11350
425,10650
426,11450
427,11050
428,10550
429,11100
430,10950
431,10200
432,10050
433,10500
434,10800
435,10600
436,11100
437,10100
438,11350
439,10400
440,8850
441,10900
442,10800
443,10650
444,9900
445,9350
446,10600
447,9800
448,9950
449,9600
450,10450
451,10600
452,10600
453,8600
454,9500
455,10350
456,9950
457,9450
458,10100
459,9950
460,9150
461,9400
462,8200
463,7850
464,9000
465,9200
466,9750
467,9050
468,9250
469,10100
470,9300
471,8900
472,7950
473,8550
474,9300
475,9050
476,9600
477,8600
478,9600
479,9050
480,8250
481,7950
482,9300
483,8500
484,9200
485,8450
486,8550
487,8300
488,9600
489,8750
490,8550
491,7000
492,8950
493,8800
494,9000
495,8450
496,8150
497,8700
498,9150
499,8200
500,8300
501,8100
502,7350
503,8500
504,7950
505,7750
506,7800
507,8050
508,7750
509,9100
510,7150
511,8300
512,9350
513,7050
514,9350
515,9100
516,7500
517,7950
518,7300
519,7100
520,7800
521,7500
522,7700
523,8300
524,6100
525,7100
526,7700
527,7200
528,7850
529,8900
530,7250
531,8000
532,6950
533,8000
534,8500
535,5900
536,7650
537,7900
538,7100
539,7200
540,7150
541,6600
542,7800
543,6150
544,7700
545,6650
546,6800
547,7500
548,7300
549,6200
550,7050
551,7600
552,7600
553,6800
554,6650
555,7350
556,6800
557,6700
558,8500
559,6950
560,6350
561,6950
562,6650
563,7350
564,6650
565,7100
566,7250
567,6800
568,6000
569,6550
570,7300
571,6700
572,5500
573,6800
574,6050
575,6750
576,6100
577,6500
578,7150
579,6350
580,7100
581,7050
582,6250
583,5700
584,6000
585,6300
586,6500
587,6500
588,6000
589,5700
590,6650
591,6550
592,6700
593,7000
594,6100
595,5350
596,5850
597,5400
598,5950
599,5650
600,5600
601,5550
602,6000
603,6200
604,6500
605,6300
606,6350
607,6250
608,6650
609,6750
610,5650
611,6300
612,6000
613,5150
614,6200
615,6450
616,5300
617,5950
618,6400
619,4850
620,4550
621,5950
622,5650
623,5800
624,5350
625,5950
626,5550
627,5350
628,5750
629,5250
630,5450
631,5300
632,5650
633,4900
634,6550
635,5200
636,5200
637,4900
638,5050
639,6100
640,5200
641,4900
642,5200
643,4600
644,4600
645,4750
646,5250
647,4550
648,4350
649,5050
650,4950
651,5150
652,4800
653,5150
654,5650
655,4950
656,4700
657,4900
658,4900
659,5150
660,5050
661,5050
662,4600
663,5150
664,4950
665,4100
666,5000
667,4600
668,5100
669,4800
670,4650
671,4450
672,5700
673,4800
674,4800
675,5200
676,5400
677,3750
678,3750
679,5650
680,4350
681,4400
682,4800
683,4500
684,4200
685,5150
686,4250
687,4700
688,3900
689,4250
690,4300
691,3850
692,4050
693,4600
694,5050
695,4250
696,3750
697,5150
698,4500
699,3800
700,4050
701,4300
702,3850
703,4650
704,4350
705,4900
706,3950
707,4100
708,4850
709,4250
710,4600
711,4100
712,4200
713,3950
714,3350
715,4550
716,4000
717,3150
718,4050
719,4350
720,4300
721,3850
722,3850
723,3700
724,4350
725,3900
726,3600
727,4250
728,3500
729,4200
730,4100
731,4200
732,3300
733,3750
734,4250
735,4800
736,3400
737,4300
738,3550
739,3650
740,4250
741,3650
742,3050
743,4000
744,3200
745,3400
746,3150
747,3750
748,3550
749,3450
750,2650
751,2900
752,2900
753,3200
754,4100
755,3900
756,3100
757,3700
758,4100
759,3550
760,4350
761,3650
762,3750
763,3350
764,3300
765,3350
766,3650
767,3550
768,3050
769,3400
770,3050
771,3200
772,2750
773,3050
774,3500
775,3300
776,3000
777,3650
778,3500
779,3950
780,3550
781,3400
782,3100
783,2900
784,3450
785,3650
786,3200
787,3600
788,3250
789,3050
790,2900
791,3500
792,3450
793,2800
794,3100
795,3450
796,3800
797,2950
798,2800
799,2750
800,3300
801,2950
802,2250
803,3100
804,3800
805,2950
806,2900
807,2850
808,3700
809,3200
810,3000
811,2950
812,3050
813,3400
814,3150
815,2600
816,2650
817,2600
818,3500
819,2500
820,3150
821,3400
822,2500
823,2450
824,3600
825,2650
826,3100
827,3150
828,3250
829,2250
830,2550
831,3050
832,3200
833,2600
834,2800
835,2450
836,2900
837,3100
838,2600
839,2650
840,2850
841,3050
842,2550
843,3000
844,2550
845,2850
846,2500
847,2600
848,3050
849,2750
850,2750
851,2550
852,3150
853,2650
854,2600
855,2650
856,2800
857,2550
858,2100
859,2600
860,3100
861,2850
862,1950
863,3350
864,2600
865,2550
866,2700
867,2300
868,2450
869,2700
870,2650
871,2700
872,2600
873,2550
874,2600
875,2250
876,2600
877,2050
878,2950
879,2250
880,2450
881,2850
882,2250
883,1850
884,2450
885,1900
886,2300
887,2900
888,2300
889,2700
890,2600
891,2450
892,3100
893,2600
894,2000
895,2400
896,2200
897,2200
898,2100
899,2450
900,2850
901,1850
902,1950
903,2600
904,2600
905,1700
906,1950
907,2250
908,2350
909,2000
910,2900
911,2250
912,2250
913,1500
914,2350
915,2450
916,2150
917,2200
918,1900
919,2050
920,1550
921,2000
922,2550
923,2500
924,2850
925,2100
926,2350
927,2050
928,2100
929,2200
930,1650
931,2300
932,1750
933,2400
934,1750
935,1450
936,2600
937,2000
938,1950
939,2400
940,2300
941,2150
942,2250
943,2050
944,2100
945,1450
946,2550
947,2450
948,2000
949,2250
950,2150
951,1800
952,1900
953,1950
954,1850
955,2150
956,2000
957,2050
958,1250
959,1800
960,1600
961,1700
962,1850
963,2300
964,2100
965,1150
966,2600
967,2000
968,1800
969,2450
970,1900
971,1600
972,1800
973,1550
974,2000
975,1700
976,1700
977,1800
978,2500
979,1600
980,2150
981,1850
982,2050
983,2000
984,1600
985,1900
986,2450
987,1750
988,1350
989,2050
990,2200
991,1950
992,1400
993,2100
994,1600
995,1800
996,2150
997,2150
998,2100
999,1800
1000,2050
1001,1150
1002,1650
1003,1700
1004,1950
1005,1600
1006,1450
1007,1550
1008,1750
1009,2250
1010,1500
1011,1400
1012,2200
1013,1600
1014,1650
1015,2000
1016,1200
1017,1500
1018,1550
1019,1850
1020,1800
1021,1300
1022,2050
1023,1700
1024,1300
1025,1400
1026,1750
1027,1500
1028,1400
1029,1700
1030,1700
1031,1400
1032,1500
1033,1400
1034,1500
1035,1150
1036,2050
1037,1300
1038,1600
1039,1450
1040,1600
1041,1250
1042,1900
1043,1700
1044,1950
1045,1600
1046,1650
1047,2000
1048,1500
1049,1250
1050,1450
1051,1600
1052,1200
1053,1650
1054,1500
1055,1300
1056,1500
1057,1400
1058,1600
1059,1750
1060,1300
1061,1450
1062,1850
1063,1200
1064,1600
1065,1750
1066,2000
1067,1050
1068,1850
1069,1000
1070,1450
1071,1950
1072,2150
1073,1300
1074,1500
1075,1450
1076,1700
1077,1400
1078,1150
1079,1400
1080,1450
1081,1000
1082,1200
1083,1650
1084,1200
1085,1200
1086,1750
1087,900
1088,1800
1089,1650
1090,1200
1091,1600
1092,1800
1093,1400
1094,1100
1095,950
1096,1500
1097,1000
1098,1450
1099,1850
1100,1600
1101,1000
1102,1700
1103,1400
1104,950
1105,1600
1106,1200
1107,1500
1108,1800
1109,1200
1110,1350
1111,1300
1112,950
1113,1150
1114,1200
1115,1000
1116,1000
1117,1700
1118,1350
1119,1550
1120,850
1121,1000
1122,1850
1123,1250
1124,800
1125,1300
1126,800
1127,1500
1128,1950
1129,1000
1130,1400
1131,1150
1132,1050
1133,1300
1134,1500
1135,1550
1136,1400
1137,1000
1138,1250
1139,850
1140,1400
1141,1200
1142,800
1143,1350
1144,900
1145,1550
1146,1050
1147,1400
1148,1450
1149,850
1150,1650
1151,1200
1152,1300
1153,1200
1154,950
1155,1100
1156,1200
1157,1100
1158,1150
1159,1350
1160,1100
1161,1050
1162,1050
1163,1200
1164,1100
1165,1100
1166,1300
1167,1150
1168,1000
1169,1300
1170,900
1171,1350
1172,1450
1173,1150
1174,750
1175,800
1176,1200
1177,950
1178,900
1179,1300
1180,1000
1181,1150
1182,1050
1183,900
1184,1050
1185,1050
1186,900
1187,1200
1188,850
1189,1200
1190,1000
1191,1000
1192,900
1193,900
1194,1000
1195,1200
1196,750
1197,1150
1198,1050
1199,1050
1200,1200
1201,600
1202,700
1203,850
1204,1050
1205,1050
1206,900
1207,900
1208,1000
1209,1300
1210,1250
1211,800
1212,1000
1213,900
1214,950
1215,850
1216,700
1217,800
1218,800
1219,700
1220,1500
1221,850
1222,1000
1223,550
1224,1000
1225,700
1226,800
1227,900
1228,750
1229,850
1230,1500
1231,700
1232,950
1233,950
1234,750
1235,550
1236,1350
1237,650
1238,650
1239,650
1240,800
1241,650
1242,700
1243,750
1244,800
1245,900
1246,1100
1247,1150
1248,1050
1249,650
1250,1050
1251,850
1252,800
1253,850
1254,800
1255,950
1256,900
1257,950
1258,1050
1259,750
1260,700
1261,1050
1262,1100
1263,950
1264,650
1265,1000
1266,900
1267,550
1268,700
1269,600
1270,550
1271,950
1272,600
1273,750
1274,750
1275,600
1276,500
1277,1000
1278,650
1279,450
1280,450
1281,750
1282,1100
1283,450
1284,950
1285,750
1286,900
1287,750
1288,1150
1289,650
1290,550
1291,900
1292,750
1293,450
1294,700
1295,750
1296,650
1297,600
1298,650
1299,750
1300,850
1301,550
1302,1100
1303,550
1304,1150
1305,400
1306,600
1307,900
1308,400
1309,900
1310,400
1311,400
1312,400
1313,550
1314,700
1315,900
1316,850
1317,950
1318,650
1319,600
1320,800
1321,850
1322,800
1323,800
1324,650
1325,1000
1326,500
1327,800
1328,650
1329,700
1330,550
1331,1050
1332,900
1333,800
1334,750
1335,750
1336,800
1337,500
1338,600
1339,550
1340,600
1341,500
1342,900
1343,800
1344,500
1345,850
1346,400
1347,700
1348,450
1349,850
1350,600
1351,550
1352,650
1353,700
1354,250
1355,1150
1356,450
1357,750
1358,650
1359,550
1360,600
1361,500
1362,350
1363,900
1364,750
1365,850
1366,950
1367,650
1368,600
1369,750
1370,650
1371,450
1372,600
1373,500
1374,450
1375,1250
1376,700
1377,900
1378,400
1379,700
1380,550
1381,800
1382,800
1383,700
1384,550
1385,550
1386,650
1387,600
1388,850
1389,500
1390,600
1391,550
1392,500
1393,550
1394,350
1395,550
1396,600
1397,650
1398,350
1399,550
1400,450
1401,800
1402,750
1403,650
1404,600
1405,850
1406,700
1407,650
1408,550
1409,750
1410,650
1411,500
1412,300
1413,450
1414,650
1415,450
1416,550
1417,500
1418,450
1419,500
1420,450
1421,650
1422,900
1423,850
1424,550
1425,850
1426,450
1427,550
1428,550
1429,450
1430,350
1431,850
1432,400
1433,500
1434,450
1435,300
1436,650
1437,650
1438,400
1439,500
1440,450
1441,400
1442,600
1443,400
1444,500
1445,400
1446,650
1447,400
1448,500
1449,500
1450,600
1451,700
1452,400
1453,350
1454,500
1455,450
1456,650
1457,550
1458,350
1459,200
1460,400
1461,450
1462,550
1463,450
1464,600
1465,400
1466,550
1467,600
1468,300
1469,650
1470,200
1471,500
1472,600
1473,350
1474,550
1475,200
1476,250
1477,750
1478,450
1479,450
1480,400
1481,250
1482,550
1483,450
1484,700
1485,450
1486,550
1487,450
1488,600
1489,350
1490,400
1491,450
1492,300
1493,500
1494,600
1495,500
1496,250
1497,450
1498,400
1499,600
1500,400
1501,350
1502,300
1503,200
1504,200
1505,450
1506,450
1507,500
1508,450
1509,600
1510,450
1511,550
1512,650
1513,250
1514,450
1515,300
1516,450
1517,350
1518,500
1519,650
1520,550
1521,350
1522,350
1523,450
1524,700
1525,850
1526,600
1527,400
1528,400
1529,400
1530,300
1531,300
1532,400
1533,250
1534,350
1535,400
1536,450
1537,500
1538,650
1539,450
1540,400
1541,700
1542,400
1543,350
1544,600
1545,100
1546,300
1547,600
1548,300
1549,400
1550,500
1551,250
1552,400
1553,450
1554,450
1555,200
1556,350
1557,450
1558,200
1559,450
1560,450
1561,450
1562,300
1563,150
1564,350
1565,350
1566,350
1567,400
1568,450
1569,400
1570,450
1571,200
1572,400
1573,600
1574,550
1575,500
1576,300
1577,300
1578,350
1579,300
1580,450
1581,300
1582,200
1583,150
1584,150
1585,500
1586,200
1587,300
1588,400
1589,400
1590,500
1591,450
1592,400
1593,300
1594,350
1595,250
1596,200
1597,550
1598,350
1599,300
1600,350
1601,500
1602,200
1603,250
1604,400
1605,200
1606,250
1607,300
1608,450
1609,200
1610,250
1611,400
1612,200
1613,400
1614,150
1615,250
1616,350
1617,550
1618,400
1619,350
1620,250
1621,300
1622,550
1623,500
1624,600
1625,250
1626,50
1627,350
1628,450
1629,200
1630,550
1631,300
1632,200
1633,250
1634,350
1635,150
1636,300
1637,350
1638,500
1639,200
1640,100
1641,350
1642,150
1643,400
1644,200
1645,200
1646,100
1647,350
1648,300
1649,400
1650,200
1651,150
1652,250
1653,700
1654,400
1655,200
1656,200
1657,100
1658,450
1659,300
1660,300
1661,250
1662,300
1663,450
1664,300
1665,250
1666,300
1667,300
1668,150
1669,350
1670,200
1671,250
1672,250
1673,300
1674,250
1675,200
1676,300
1677,150
1678,300
1679,150
1680,150
1681,150
1682,100
1683,200
1684,300
1685,250
1686,200
1687,150
1688,200
1689,250
1690,250
1691,250
1692,250
1693,150
1694,150
1695,500
1696,250
1697,200
1698,100
1699,150
1700,150
1701,350
1702,300
1703,650
1704,50
1705,350
1706,250
1707,200
1708,400
1709,150
1710,250
1711,400
1712,100
1713,200
1714,250
1715,350
1716,300
1717,200
1718,350
1719,200
1720,150
1721,250
1722,50
1723,250
1724,400
1725,550
1726,50
1727,150
1728,250
1729,250
1730,250
1731,200
1732,150
1733,250
1734,350
1735,250
1736,450
1737,450
1738,250
1739,300
1740,150
1741,150
1742,350
1743,200
1744,150
1745,350
1746,300
1747,300
1748,150
1749,100
1750,250
1751,350
1752,100
1753,200
1754,200
1755,100
1756,100
1757,200
1758,250
1759,200
1760,200
1761,100
1762,300
1763,200
1764,350
1765,350
1766,150
1767,550
1768,300
1769,200
1770,100
1771,300
1772,400
1773,150
1774,250
1775,50
1776,300
1777,150
1778,100
1779,100
1780,200
1781,100
1782,350
1784,150
1785,300
1786,300
1787,50
1788,250
1789,200
1790,250
1791,150
1792,300
1793,200
1794,150
1795,200
1796,350
1797,100
1798,150
1799,300
1800,200
1801,100
1802,250
1803,200
1804,250
1805,200
1806,150
1807,250
1808,450
1809,200
1810,150
1811,300
1812,50
1813,100
1814,300
1815,250
1816,250
1817,250
1818,200
1819,250
1820,200
1821,150
1822,50
1823,200
1824,100
1825,100
1826,250
1827,250
1828,50
1829,100
1830,50
1831,250
1832,150
1833,250
1834,100
1835,100
1836,100
1837,150
1838,150
1839,250
1840,100
1841,200
1842,250
1843,150
1844,150
1845,150
1846,100
1847,50
1848,100
1849,350
1850,200
1851,300
1852,200
1853,100
1854,100
1855,200
1856,200
1857,200
1858,300
1859,200
1860,300
1861,250
1862,50
1863,250
1864,50
1865,250
1866,450
1867,200
1868,50
1869,150
1870,250
1871,100
1872,150
1873,250
1874,250
1875,350
1876,150
1877,50
1878,250
1879,200
1880,50
1881,150
1882,200
1883,150
1884,300
1885,250
1886,200
1888,200
1889,100
1890,100
1892,100
1893,150
1894,100
1895,300
1897,150
1898,300
1899,150
1900,200
1901,100
1902,200
1903,200
1904,300
1905,250
1906,200
1907,200
1908,100
1909,100
1910,200
1911,150
1912,150
1913,50
1914,300
1915,100
1916,250
1917,50
1918,150
1919,250
1920,150
1921,150
1922,200
1923,250
1924,100
1925,400
1926,100
1927,100
1928,100
1929,50
1930,200
1931,150
1932,50
1933,250
1934,300
1935,50
1937,200
1938,250
1939,200
1940,250
1941,150
1942,100
1943,100
1944,100
1945,50
1946,250
1947,200
1948,350
1950,50
1951,150
1952,100
1953,50
1954,100
1955,50
1956,100
1957,150
1958,150
1959,150
1960,200
1961,100
1962,150
1963,50
1964,150
1965,200
1966,100
1968,50
1969,200
1970,250
1971,200
1972,100
1973,50
1974,200
1975,200
1976,50
1977,150
1978,200
1979,100
1980,50
1981,100
1982,150
1983,50
1984,100
1985,250
1986,100
1987,50
1988,200
1989,100
1990,150
1991,200
1992,200
1993,100
1994,100
1995,50
1996,150
1997,50
1998,50
1999,200
2000,100
2001,50
2002,150
2003,100
2004,350
2005,150
2006,100
2007,150
2008,300
2009,50
2010,50
2011,200
2012,50
2013,100
2014,50
2015,150
2016,100
2017,100
2018,250
2019,250
2020,200
2021,250
2022,200
2023,100
2025,50
2026,100
2027,300
2028,150
2029,50
2030,100
2031,100
2032,150
2033,200
2034,50
2035,150
2036,100
2037,200
2038,50
2039,50
2041,100
2042,150
2043,200
2044,100
2045,100
2047,150
2048,200
2049,150
2050,150
2051,50
2052,100
2053,50
2054,50
2055,200
2056,200
2057,100
2059,300
2060,100
2061,250
2062,50
2063,150
2064,100
2065,200
2066,200
2067,150
2068,150
2069,100
2070,100
2072,50
2073,50
2074,100
2075,100
2076,50
2077,100
2078,150
2079,50
2080,50
2081,100
2083,250
2084,100
2085,200
2086,50
2087,100
2088,100
2091,50
2092,150
2094,50
2095,200
2096,50
2097,50
2099,50
2100,100
2102,150
2103,150
2104,100
2105,100
2106,150
2107,150
2108,50
2110,250
2111,50
2112,50
2113,200
2114,50
2116,150
2117,150
2118,100
2119,100
2120,200
2121,150
2122,50
2123,250
2124,100
2125,50
2126,50
2127,50
2128,50
2130,100
2132,50
2133,100
2134,50
2135,150
2136,150
2137,150
2138,50
2139,150
2141,50
2142,50
2144,100
2145,100
2146,100
2147,100
2148,50
2149,50
2151,150
2152,50
2153,50
2154,250
2156,50
2157,100
2159,100
2161,100
2163,100
2164,50
2165,200
2166,100
2167,50
2168,50
2169,100
2170,50
2171,200
2173,250
2174,50
2175,150
2176,150
2177,100
2179,100
2180,50
2181,50
2182,100
2184,100
2185,100
2186,200
2188,50
2190,50
2191,150
2192,50
2193,100
2194,150
2195,150
2196,100
2198,100
2199,200
2200,50
2201,50
2202,100
2203,150
2204,50
2205,50
2206,50
2207,150
2208,50
2209,50
2210,100
2211,100
2212,50
2214,100
2217,150
2218,50
2219,50
2221,100
2223,100
2225,150
2226,100
2227,50
2230,50
2231,150
2235,50
2236,50
2237,50
2238,50
2241,100
2245,100
2248,50
2249,50
2250,200
2251,100
2252,150
2253,200
2254,100
2255,50
2256,50
2257,50
2258,50
2260,100
2262,100
2264,50
2265,50
2266,100
2267,50
2270,50
2272,50
2273,150
2276,50
2277,50
2278,50
2279,100
2280,300
2281,50
2282,50
2283,50
2284,50
2286,100
2288,100
2289,50
2290,50
2291,50
2292,50
2293,150
2294,200
2295,50
2298,100
2299,200
2300,50
2301,50
2302,50
2303,50
2304,50
2305,50
2306,150
2307,50
2310,50
2311,50
2312,50
2313,100
2315,50
2316,50
2318,100
2319,100
2320,50
2321,100
2322,100
2323,100
2324,50
2326,150
2327,100
2328,50
2330,100
2332,50
2333,50
2334,100
2337,150
2338,100
2339,100
2342,50
2345,50
2346,150
2350,50
2351,50
2352,150
2354,50
2356,50
2357,50
2360,50
2363,100
2365,100
2366,50
2367,50
2371,50
2372,50
2374,50
2376,50
2377,50
2378,100
2379,150
2380,50
2381,150
2382,50
2384,100
2385,50
2386,50
2387,50
2389,50
2390,200
2391,100
2393,100
2394,100
2397,100
2399,50
2400,50
2401,50
2402,100
2405,100
2406,50
2407,50
2408,50
2410,50
2411,50
2413,150
2414,50
2415,50
2416,50
2417,50
2418,100
2423,150
2425,100
2427,50
2428,100
2430,50
2431,50
2432,100
2433,50
2434,50
2435,100
2436,50
2437,50
2443,50
2444,100
2446,50
2448,100
2449,50
2450,50
2451,150
2453,100
2454,100
2455,50
2456,50
2457,50
2459,100
2461,50
2463,100
2464,50
2466,50
2468,50
2469,50
2470,50
2471,100
2474,100
2477,50
2479,50
2482,50
2483,100
2484,50
2485,100
2486,50
2487,50
2488,100
2489,200
2490,50
2491,50
2493,50
2494,100
2495,50
2496,50
2498,50
2499,50
2500,100
2503,50
2504,50
2506,50
2508,50
2509,50
2510,50
2513,100
2514,100
2518,50
2520,50
2521,100
2522,50
2523,50
2527,50
2528,50
2531,50
2537,50
2538,50
2539,50
2541,50
2544,50
2545,100
2546,50
2548,50
2549,50
2551,50
2555,100
2556,50
2558,50
2559,50
2560,100
2561,50
2562,50
2563,100
2564,100
2568,50
2569,50
2570,50
2571,100
2574,100
2575,50
2576,100
2578,50
2581,150
2582,50
2583,50
2585,100
2587,50
2588,50
2589,50
2590,50
2591,100
2593,100
2601,50
2602,150
2603,50
2604,50
2606,100
2607,50
2608,100
2609,100
2611,50
2613,50
2615,50
2617,50
2620,50
2622,150
2628,50
2629,50
2630,50
2632,100
2634,50
2636,150
2637,50
2639,50
2647,50
2648,100
2649,100
2650,50
2652,50
2654,50
2662,150
2663,100
2665,50
2669,50
2672,50
2676,50
2679,50
2680,50
2682,50
2684,50
2685,100
2686,100
2688,50
2690,50
2695,50
2696,50
2697,50
2699,50
2703,50
2708,50
2712,100
2714,50
2715,150
2716,50
2718,50
2721,150
2722,100
2723,50
2725,50
2726,100
2727,50
2729,100
2731,50
2735,150
2740,50
2741,100
2743,50
2746,50
2748,50
2751,100
2756,50
2757,50
2758,50
2759,50
2762,50
2765,50
2766,50
2769,50
2772,50
2778,50
2779,50
2785,50
2787,50
2794,50
2797,50
2799,50
2800,50
2803,50
2805,50
2806,50
2807,50
2814,100
2816,50
2818,50
2825,50
2830,50
2831,50
2832,50
2834,50
2837,50
2838,50
2849,100
2852,50
2853,50
2855,50
2856,50
2857,100
2861,50
2862,50
2867,50
2871,100
2875,50
2879,100
2880,200
2881,50
2882,50
2883,100
2884,100
2890,50
2892,50
2895,50
2901,50
2911,50
2917,50
2919,50
2933,100
2939,50
2941,50
2946,100
2951,50
2953,100
2962,50
2964,50
2966,100
2969,50
2972,50
2973,50
2976,50
2981,50
2982,200
2983,50
2990,50
2992,50
2997,100
3003,50
3006,50
3009,50
3012,50
3013,50
3020,50
3025,50
3029,50
3030,50
3044,50
3049,50
3062,50
3066,50
3067,50
3069,50
3074,50
3079,50
3085,50
3090,50
3091,50
3094,50
3098,50
3099,100
3101,50
3108,50
3111,50
3118,100
3122,100
3127,50
3132,50
3134,50
3137,50
3144,50
3151,50
3153,50
3158,50
3164,100
3165,50
3170,50
3171,100
3172,50
3176,50
3187,50
3207,100
3208,50
3214,50
3216,50
3219,50
3222,50
3228,50
3229,50
3231,100
3233,50
3240,50
3242,50
3256,150
3259,50
3262,50
3265,50
3268,50
3277,50
3279,50
3293,100
3295,50
3298,50
3301,50
3306,50
3309,50
3333,50
3335,50
3340,50
3346,50
3348,50
3350,50
3365,50
3372,50
3373,50
3376,50
3379,50
3383,50
3391,50
3393,50
3399,50
3406,50
3409,50
3432,50
3435,50
3442,50
3444,50
3449,50
3454,50
3461,50
3465,50
3470,50
3473,50
3480,50
3493,50
3510,50
3513,50
3523,50
3534,50
3557,50
3568,50
3570,50
3571,50
3572,50
3617,50
3640,50
3648,50
3654,50
3662,50
3671,50
3676,50
3682,50
3687,50
3702,50
3720,50
3722,50
3734,50
3749,50
3803,50
3813,50
3826,50
3846,50
3851,50
3868,50
3877,50
3929,50
3953,50
3974,50
3983,50
3987,50
4004,50
4007,50
4009,50
4017,100
4026,50
4049,50
4069,50
4098,50
4100,50
4108,50
4124,50
4127,50
4170,50
4179,50
4183,50
4278,50
4288,50
4327,100
4333,50
4343,50
4370,50
4395,50
4407,50
4415,50
4436,50
4475,50
4558,50
4575,50
4579,50
4656,50
4659,50
4679,50
4726,50
4729,50
4731,50
4748,50
4752,50
4761,50
4762,50
4797,50
4913,50
4926,50
4947,50
4953,50
5099,50
5144,50
5150,50
5249,50
5413,50
5533,50
5611,50
5689,50
5736,50
5748,50
5827,50
5841,50
5867,50
5900,50
5940,50
5996,50
6074,50
6169,50
6209,50
6349,50
6684,50
6703,50
6719,50
6736,50
6740,50
6790,50
6844,50
6997,50
7080,50
7257,50
7481,50
8322,50
8387,50
8880,50
9064,50
9740,50
9767,50
9822,50
14831,50
15813,50
16565,50
17436,50
17653,50
