1,130971
2,820577
3,815740
4,781590
5,753510
6,758560
7,714330
8,685510
9,724040
10,642970
11,592740
12,549500
13,504200
14,474090
15,436220
16,410750
17,401690
18,355500
19,329080
20,312720
21,296070
22,279500
23,268240
24,248880
25,239640
26,233860
27,216490
28,205640
29,193890
30,185440
31,179530
32,170980
33,166570
34,158510
35,155670
36,148100
37,140680
38,134840
39,130300
40,126870
41,125220
42,118980
43,116150
44,115160
45,110180
46,105580
47,101620
48,98660
49,96190
50,98080
51,92720
52,89630
53,89180
54,86850
55,87250
56,81950
57,79350
58,77370
59,74460
60,76000
61,72590
62,72390
63,69730
64,69780
65,67510
66,64930
67,64620
68,65930
69,65280
70,63500
71,62560
72,60430
73,59130
74,56530
75,57580
76,56520
77,55910
78,54200
79,52610
80,54890
81,52600
82,52240
83,51330
84,51480
85,50460
86,48320
87,48260
88,47660
89,46730
90,49260
91,45150
92,45110
93,45040
94,43780
95,44490
96,43710
97,43050
98,43440
99,46030
100,48550
101,42160
102,41870
103,41620
104,40800
105,39520
106,38870
107,39670
108,38950
109,38510
110,39290
111,37310
112,37970
113,37450
114,36390
115,36250
116,35440
117,35530
118,34900
119,33950
120,34350
121,33390
122,34770
123,32960
124,33600
125,32750
126,32350
127,32440
128,31800
129,30900
130,32540
131,30830
132,31930
133,32160
134,30380
135,30860
136,30310
137,29210
138,29090
139,28330
140,28700
141,28350
142,28050
143,28400
144,28150
145,27900
146,26960
147,27330
148,26280
149,27490
150,27340
151,26630
152,26200
153,25220
154,26050
155,25410
156,24930
157,26590
158,24160
159,24260
160,24900
161,24380
162,24810
163,24500
164,24240
165,23590
166,23710
167,22950
168,23930
169,23290
170,22470
171,23310
172,23880
173,22850
174,22280
175,22730
176,22270
177,21710
178,22050
179,22260
180,21450
181,20620
182,22330
183,21370
184,21490
185,20920
186,20480
187,20300
188,20380
189,21110
190,20990
191,20090
192,20710
193,19570
194,19630
195,19120
196,20650
197,19600
198,19730
199,19770
200,21420
201,19470
202,18710
203,19350
204,19240
205,18950
206,19170
207,18890
208,19090
209,19150
210,19690
211,17960
212,18420
213,17160
214,18740
215,18000
216,18240
217,17780
218,17750
219,16660
220,17810
221,17040
222,17070
223,17580
224,17210
225,17500
226,17030
227,16260
228,17170
229,16970
230,16820
231,16960
232,16110
233,16600
234,15470
235,15810
236,16080
237,15950
238,15610
239,16050
240,15540
241,15430
242,15250
243,15060
244,15320
245,15250
246,15380
247,15050
248,14870
249,15260
250,14920
251,14730
252,14630
253,13870
254,13990
255,14620
256,14080
257,14010
258,13720
259,14190
260,15010
261,13500
262,13330
263,14220
264,13490
265,13450
266,14050
267,13050
268,13780
269,13080
270,13820
271,12820
272,13370
273,13550
274,13110
275,13020
276,12200
277,12810
278,12920
279,13330
280,12760
281,12270
282,12750
283,12370
284,12840
285,12260
286,11650
287,11810
288,11650
289,12150
290,11860
291,12020
292,11730
293,12520
294,11690
295,11920
296,11500
297,11620
298,11810
299,12050
300,13300
301,11890
302,11860
303,11180
304,11740
305,11790
306,11370
307,10720
308,12380
309,10610
310,11780
311,10890
312,11340
313,10050
314,10850
315,11080
316,10570
317,11120
318,10760
319,10220
320,10960
321,11010
322,10270
323,10620
324,10160
325,11220
326,9930
327,10440
328,10060
329,9940
330,9920
331,9860
332,10100
333,10020
334,10510
335,10240
336,9840
337,9440
338,9880
339,9560
340,10010
341,9480
342,9770
343,9840
344,9960
345,9590
346,9300
347,8800
348,9220
349,9710
350,9860
351,9020
352,9160
353,9270
354,8490
355,8960
356,8980
357,8680
358,9100
359,8850
360,8740
361,8920
362,8620
363,8410
364,8780
365,9060
366,8610
367,8600
368,8240
369,8670
370,8880
371,8780
372,7760
373,8530
374,8090
375,8070
376,8000
377,8050
378,8120
379,8490
380,8510
381,8040
382,8530
383,8160
384,8280
385,8240
386,8160
387,7860
388,8210
389,7580
390,8200
391,7890
392,7660
393,7540
394,7380
395,7220
396,7210
397,7750
398,7780
399,7550
400,8100
401,7630
402,7660
403,7880
404,7290
405,7730
406,7280
407,7170
408,7420
409,7150
410,7360
411,7480
412,7270
413,7230
414,7080
415,7120
416,6980
417,7090
418,7310
419,7030
420,7490
421,6950
422,7390
423,7250
424,6590
425,6600
426,7410
427,6900
428,6230
429,7000
430,6670
431,6670
432,6900
433,6870
434,6860
435,6610
436,6590
437,6340
438,6600
439,6870
440,6780
441,6480
442,6450
443,6250
444,6280
445,6500
446,6620
447,6380
448,6030
449,6300
450,6340
451,6120
452,6320
453,6190
454,6150
455,6640
456,5980
457,6050
458,6370
459,5570
460,6030
461,5850
462,5730
463,5850
464,6100
465,6170
466,5480
467,5550
468,5710
469,5880
470,6090
471,5300
472,5430
473,5830
474,5630
475,5920
476,5590
477,5560
478,5420
479,5360
480,5200
481,5660
482,5550
483,5390
484,5430
485,5780
486,5730
487,5240
488,5190
489,5600
490,5290
491,5180
492,5410
493,5360
494,5120
495,5240
496,5080
497,5320
498,5680
499,5670
500,6130
501,5570
502,6000
503,5200
504,5280
505,5650
506,5010
507,5020
508,5150
509,5000
510,5230
511,5320
512,4600
513,5150
514,4710
515,4640
516,4840
517,5050
518,4630
519,5260
520,4640
521,5000
522,4900
523,4590
524,5130
525,4610
526,4740
527,4700
528,4660
529,4870
530,5240
531,4440
532,4720
533,4740
534,4730
535,4730
536,4690
537,4610
538,4610
539,4330
540,4680
541,4850
542,4770
543,4750
544,4790
545,4580
546,4190
547,4810
548,4610
549,4320
550,4370
551,4320
552,4410
553,4560
554,4590
555,4580
556,4160
557,4360
558,4480
559,4300
560,4260
561,4340
562,3950
563,4300
564,4200
565,4380
566,4260
567,4450
568,4390
569,4230
570,3940
571,4140
572,4260
573,4610
574,4310
575,4160
576,4190
577,3910
578,4260
579,3800
580,4020
581,3950
582,4030
583,4000
584,3900
585,3920
586,3660
587,3930
588,4170
589,4240
590,4180
591,3630
592,3580
593,3640
594,3520
595,3890
596,3930
597,3790
598,3840
599,3970
600,4130
601,3840
602,3520
603,3850
604,3890
605,3710
606,3550
607,3640
608,3620
609,3610
610,4010
611,3480
612,3680
613,3920
614,3490
615,3970
616,3570
617,3600
618,3490
619,3420
620,3590
621,3570
622,3350
623,3390
624,3560
625,3380
626,3580
627,3700
628,3340
629,3610
630,3430
631,3510
632,3530
633,3460
634,3410
635,3570
636,3390
637,3250
638,3740
639,3370
640,3470
641,3280
642,3390
643,3050
644,3360
645,3300
646,3590
647,3560
648,3340
649,2860
650,3430
651,3010
652,3100
653,3500
654,3150
655,3520
656,3260
657,3480
658,3130
659,2820
660,3200
661,3510
662,3130
663,3180
664,3190
665,4110
666,5490
667,3340
668,3240
669,3060
670,2990
671,3290
672,2840
673,3350
674,3260
675,3270
676,3060
677,2750
678,3110
679,2830
680,3070
681,2840
682,2970
683,2970
684,2950
685,2900
686,2910
687,2630
688,2740
689,2730
690,2860
691,3020
692,2830
693,2800
694,2900
695,2520
696,2490
697,2800
698,3000
699,2820
700,3170
701,2860
702,2850
703,2770
704,2350
705,2930
706,2830
707,2900
708,2740
709,2500
710,2990
711,2730
712,2870
713,3020
714,2410
715,2730
716,2900
717,2930
718,2950
719,2450
720,2780
721,2720
722,2760
723,2670
724,2970
725,2610
726,2630
727,2520
728,2920
729,2470
730,2860
731,2750
732,2960
733,2570
734,2630
735,2610
736,2390
737,2330
738,2530
739,2580
740,2540
741,2540
742,2240
743,2470
744,2540
745,2630
746,2390
747,2240
748,2550
749,2540
750,2270
751,2560
752,2600
753,2490
754,2230
755,2470
756,2510
757,2620
758,2140
759,2490
760,2430
761,2560
762,2610
763,2390
764,2440
765,2320
766,2390
767,2280
768,2590
769,2590
770,2860
771,2280
772,2370
773,2520
774,2830
775,2290
776,2230
777,2230
778,2380
779,2220
780,2510
781,2410
782,2410
783,2330
784,2160
785,2310
786,2370
787,2480
788,2280
789,2310
790,2320
791,2350
792,2430
793,2370
794,2320
795,2270
796,2240
797,2140
798,2250
799,2270
800,2220
801,2270
802,2670
803,2140
804,2370
805,2670
806,2360
807,2280
808,2050
809,2150
810,2500
811,2320
812,2230
813,2200
814,2140
815,2130
816,2160
817,2180
818,2140
819,1800
820,2240
821,2090
822,2170
823,2070
824,1890
825,2100
826,2450
827,2300
828,2130
829,2060
830,2050
831,2000
832,2040
833,2080
834,2250
835,2250
836,2080
837,1880
838,1960
839,2050
840,2140
841,2210
842,2220
843,2250
844,2470
845,2310
846,2130
847,2170
848,2080
849,2060
850,2070
851,2360
852,2240
853,2000
854,1910
855,2160
856,2080
857,1980
858,2300
859,2050
860,2310
861,2370
862,2130
863,2110
864,2450
865,2260
866,2110
867,2070
868,2010
869,2040
870,2190
871,2100
872,2140
873,2080
874,2230
875,2180
876,1930
877,2260
878,2190
879,2020
880,2240
881,2260
882,1830
883,2470
884,1880
885,2130
886,2180
887,2180
888,2370
889,2220
890,2300
891,2180
892,2080
893,2150
894,2120
895,2390
896,2260
897,2100
898,2490
899,2160
900,2600
901,2510
902,2240
903,2230
904,2200
905,2600
906,2110
907,2270
908,2460
909,1940
910,2320
911,2200
912,2180
913,2140
914,2400
915,2190
916,2200
917,2580
918,2300
919,2340
920,2300
921,2360
922,2250
923,2150
924,2220
925,2440
926,2500
927,2130
928,2510
929,2860
930,2320
931,2370
932,2360
933,2610
934,2300
935,2670
936,2840
937,2460
938,2620
939,2690
940,2710
941,2730
942,2400
943,2510
944,2720
945,2550
946,2420
947,2620
948,2660
949,2740
950,3020
951,2660
952,3010
953,3050
954,3020
955,2760
956,2680
957,3230
958,3290
959,3160
960,3040
961,3330
962,3610
963,3410
964,3660
965,4020
966,3670
967,3580
968,3720
969,4190
970,4110
971,4350
972,4790
973,4760
974,4730
975,5410
976,5380
977,6090
978,6020
979,6290
980,6730
981,6850
982,6940
983,7780
984,7730
985,8700
986,8910
987,9810
988,10960
989,11900
990,13210
991,13060
992,14440
993,16250
994,18710
995,21520
996,25330
997,30530
998,36050
999,41000
1000,30370
1001,470
1002,260
1003,100
1004,20
1006,10
1009,10
1010,10
1016,20
1017,10
1023,10
1035,10
1036,10
1087,10
1090,10
1148,10
1230,10
1250,10
1357,10
1373,10
1547,10
1552,10
1591,10
1627,10
1905,10
1978,10
1980,10
2236,10
2243,10
2602,10
3187,10
3373,10
3743,10
4109,10
4652,10
4680,10
5157,10
5922,10
6171,10
14192,10
40425,10
