1,644053
2,4103645
3,4078799
4,3907950
5,3767550
6,3792800
7,3571650
8,3427550
9,3620200
10,3214850
11,2963700
12,2747500
13,2521000
14,2370450
15,2181100
16,2053750
17,2008450
18,1777500
19,1645400
20,1563600
21,1480350
22,1397500
23,1341200
24,1244400
25,1198200
26,1169300
27,1082450
28,1028200
29,969450
30,927200
31,897650
32,854900
33,832850
34,792550
35,778350
36,740500
37,703400
38,674200
39,651500
40,634350
41,626100
42,594900
43,580750
44,575800
45,550900
46,527900
47,508100
48,493300
49,480950
50,490400
51,463600
52,448150
53,445900
54,434250
55,436250
56,409750
57,396750
58,386850
59,372300
60,380000
61,362950
62,361950
63,348650
64,348900
65,337550
66,324650
67,323100
68,329650
69,326400
70,317500
71,312800
72,302150
73,295650
74,282650
75,287900
76,282600
77,279550
78,271000
79,263050
80,274450
81,263000
82,261200
83,256650
84,257400
85,252300
86,241600
87,241300
88,238300
89,233650
90,246300
91,225750
92,225550
93,225200
94,218900
95,222450
96,218550
97,215250
98,217200
99,230150
100,242750
101,210800
102,209350
103,208100
104,204000
105,197600
106,194350
107,198350
108,194750
109,192550
110,196450
111,186550
112,189850
113,187250
114,181950
115,181250
116,177200
117,177650
118,174500
119,169750
120,171750
121,166950
122,173850
123,164800
124,168000
125,163750
126,161750
127,162200
128,159000
129,154500
130,162700
131,154150
132,159650
133,160800
134,151900
135,154300
136,151550
137,146050
138,145450
139,141650
140,143500
141,141750
142,140250
143,142000
144,140750
145,139500
146,134800
147,136650
148,131400
149,137450
150,136700
151,133150
152,131000
153,126100
154,130250
155,127050
156,124650
157,132950
158,120800
159,121300
160,124500
161,121900
162,124050
163,122500
164,121200
165,117950
166,118550
167,114750
168,119650
169,116450
170,112350
171,116550
172,119400
173,114250
174,111400
175,113650
176,111350
177,108550
178,110250
179,111300
180,107250
181,103100
182,111650
183,106850
184,107450
185,104600
186,102400
187,101500
188,101900
189,105550
190,104950
191,100450
192,103550
193,97850
194,98150
195,95600
196,103250
197,98000
198,98650
199,98850
200,107100
201,97350
202,93550
203,96750
204,96200
205,94750
206,95850
207,94450
208,95450
209,95750
210,98450
211,89800
212,92100
213,85800
214,93700
215,90000
216,91200
217,88900
218,88750
219,83300
220,89050
221,85200
222,85350
223,87900
224,86050
225,87500
226,85150
227,81300
228,85850
229,84850
230,84100
231,84800
232,80550
233,83000
234,77350
235,79050
236,80400
237,79750
238,78050
239,80250
240,77700
241,77150
242,76250
243,75300
244,76600
245,76250
246,76900
247,75250
248,74350
249,76300
250,74600
251,73650
252,73150
253,69350
254,69950
255,73100
256,70400
257,70050
258,68600
259,70950
260,75050
261,67500
262,66650
263,71100
264,67450
265,67250
266,70250
267,65250
268,68900
269,65400
270,69100
271,64100
272,66850
273,67750
274,65550
275,65100
276,61000
277,64050
278,64600
279,66650
280,63800
281,61350
282,63750
283,61850
284,64200
285,61300
286,58250
287,59050
288,58250
289,60750
290,59300
291,60100
292,58650
293,62600
294,58450
295,59600
296,57500
297,58100
298,59050
299,60250
300,66500
301,59450
302,59300
303,55900
304,58700
305,58950
306,56850
307,53600
308,61900
309,53050
310,58900
311,54450
312,56700
313,50250
314,54250
315,55400
316,52850
317,55600
318,53800
319,51100
320,54800
321,55050
322,51350
323,53100
324,50800
325,56100
326,49650
327,52200
328,50300
329,49700
330,49600
331,49300
332,50500
333,50100
334,52550
335,51200
336,49200
337,47200
338,49400
339,47800
340,50050
341,47400
342,48850
343,49200
344,49800
345,47950
346,46500
347,44000
348,46100
349,48550
350,49300
351,45100
352,45800
353,46350
354,42450
355,44800
356,44900
357,43400
358,45500
359,44250
360,43700
361,44600
362,43100
363,42050
364,43900
365,45300
366,43050
367,43000
368,41200
369,43350
370,44400
371,43900
372,38800
373,42650
374,40450
375,40350
376,40000
377,40250
378,40600
379,42450
380,42550
381,40200
382,42650
383,40800
384,41400
385,41200
386,40800
387,39300
388,41050
389,37900
390,41000
391,39450
392,38300
393,37700
394,36900
395,36100
396,36050
397,38750
398,38900
399,37750
400,40500
401,38150
402,38300
403,39400
404,36450
405,38650
406,36400
407,35850
408,37100
409,35750
410,36800
411,37400
412,36350
413,36150
414,35400
415,35600
416,34900
417,35450
418,36550
419,35150
420,37450
421,34750
422,36950
423,36250
424,32950
425,33000
426,37050
427,34500
428,31150
429,35000
430,33350
431,33350
432,34500
433,34350
434,34300
435,33050
436,32950
437,31700
438,33000
439,34350
440,33900
441,32400
442,32250
443,31250
444,31400
445,32500
446,33100
447,31900
448,30150
449,31500
450,31700
451,30600
452,31600
453,30950
454,30750
455,33200
456,29900
457,30250
458,31850
459,27850
460,30150
461,29250
462,28650
463,29250
464,30500
465,30850
466,27400
467,27750
468,28550
469,29400
470,30450
471,26500
472,27150
473,29150
474,28150
475,29600
476,27950
477,27800
478,27100
479,26800
480,26000
481,28300
482,27750
483,26950
484,27150
485,28900
486,28650
487,26200
488,25950
489,28000
490,26450
491,25900
492,27050
493,26800
494,25600
495,26200
496,25400
497,26600
498,28400
499,28350
500,30650
501,27850
502,30000
503,26000
504,26400
505,28250
506,25050
507,25100
508,25750
509,25000
510,26150
511,26600
512,23000
513,25750
514,23550
515,23200
516,24200
517,25250
518,23150
519,26300
520,23200
521,25000
522,24500
523,22950
524,25650
525,23050
526,23700
527,23500
528,23300
529,24350
530,26200
531,22200
532,23600
533,23700
534,23650
535,23650
536,23450
537,23050
538,23050
539,21650
540,23400
541,24250
542,23850
543,23750
544,23950
545,22900
546,20950
547,24050
548,23050
549,21600
550,21850
551,21600
552,22050
553,22800
554,22950
555,22900
556,20800
557,21800
558,22400
559,21500
560,21300
561,21700
562,19750
563,21500
564,21000
565,21900
566,21300
567,22250
568,21950
569,21150
570,19700
571,20700
572,21300
573,23050
574,21550
575,20800
576,20950
577,19550
578,21300
579,19000
580,20100
581,19750
582,20150
583,20000
584,19500
585,19600
586,18300
587,19650
588,20850
589,21200
590,20900
591,18150
592,17900
593,18200
594,17600
595,19450
596,19650
597,18950
598,19200
599,19850
600,20650
601,19200
602,17600
603,19250
604,19450
605,18550
606,17750
607,18200
608,18100
609,18050
610,20050
611,17400
612,18400
613,19600
614,17450
615,19850
616,17850
617,18000
618,17450
619,17100
620,17950
621,17850
622,16750
623,16950
624,17800
625,16900
626,17900
627,18500
628,16700
629,18050
630,17150
631,17550
632,17650
633,17300
634,17050
635,17850
636,16950
637,16250
638,18700
639,16850
640,17350
641,16400
642,16950
643,15250
644,16800
645,16500
646,17950
647,17800
648,16700
649,14300
650,17150
651,15050
652,15500
653,17500
654,15750
655,17600
656,16300
657,17400
658,15650
659,14100
660,16000
661,17550
662,15650
663,15900
664,15950
665,20550
666,27450
667,16700
668,16200
669,15300
670,14950
671,16450
672,14200
673,16750
674,16300
675,16350
676,15300
677,13750
678,15550
679,14150
680,15350
681,14200
682,14850
683,14850
684,14750
685,14500
686,14550
687,13150
688,13700
689,13650
690,14300
691,15100
692,14150
693,14000
694,14500
695,12600
696,12450
697,14000
698,15000
699,14100
700,15850
701,14300
702,14250
703,13850
704,11750
705,14650
706,14150
707,14500
708,13700
709,12500
710,14950
711,13650
712,14350
713,15100
714,12050
715,13650
716,14500
717,14650
718,14750
719,12250
720,13900
721,13600
722,13800
723,13350
724,14850
725,13050
726,13150
727,12600
728,14600
729,12350
730,14300
731,13750
732,14800
733,12850
734,13150
735,13050
736,11950
737,11650
738,12650
739,12900
740,12700
741,12700
742,11200
743,12350
744,12700
745,13150
746,11950
747,11200
748,12750
749,12700
750,11350
751,12800
752,13000
753,12450
754,11150
755,12350
756,12550
757,13100
758,10700
759,12450
760,12150
761,12800
762,13050
763,11950
764,12200
765,11600
766,11950
767,11400
768,12950
769,12950
770,14300
771,11400
772,11850
773,12600
774,14150
775,11450
776,11150
777,11150
778,11900
779,11100
780,12550
781,12050
782,12050
783,11650
784,10800
785,11550
786,11850
787,12400
788,11400
789,11550
790,11600
791,11750
792,12150
793,11850
794,11600
795,11350
796,11200
797,10700
798,11250
799,11350
800,11100
801,11350
802,13350
803,10700
804,11850
805,13350
806,11800
807,11400
808,10250
809,10750
810,12500
811,11600
812,11150
813,11000
814,10700
815,10650
816,10800
817,10900
818,10700
819,9000
820,11200
821,10450
822,10850
823,10350
824,9450
825,10500
826,12250
827,11500
828,10650
829,10300
830,10250
831,10000
832,10200
833,10400
834,11250
835,11250
836,10400
837,9400
838,9800
839,10250
840,10700
841,11050
842,11100
843,11250
844,12350
845,11550
846,10650
847,10850
848,10400
849,10300
850,10350
851,11800
852,11200
853,10000
854,9550
855,10800
856,10400
857,9900
858,11500
859,10250
860,11550
861,11850
862,10650
863,10550
864,12250
865,11300
866,10550
867,10350
868,10050
869,10200
870,10950
871,10500
872,10700
873,10400
874,11150
875,10900
876,9650
877,11300
878,10950
879,10100
880,11200
881,11300
882,9150
883,12350
884,9400
885,10650
886,10900
887,10900
888,11850
889,11100
890,11500
891,10900
892,10400
893,10750
894,10600
895,11950
896,11300
897,10500
898,12450
899,10800
900,13000
901,12550
902,11200
903,11150
904,11000
905,13000
906,10550
907,11350
908,12300
909,9700
910,11600
911,11000
912,10900
913,10700
914,12000
915,10950
916,11000
917,12900
918,11500
919,11700
920,11500
921,11800
922,11250
923,10750
924,11100
925,12200
926,12500
927,10650
928,12550
929,14300
930,11600
931,11850
932,11800
933,13050
934,11500
935,13350
936,14200
937,12300
938,13100
939,13450
940,13550
941,13650
942,12000
943,12550
944,13600
945,12750
946,12100
947,13100
948,13300
949,13700
950,15100
951,13300
952,15050
953,15250
954,15100
955,13800
956,13400
957,16150
958,16450
959,15800
960,15200
961,16650
962,18050
963,17050
964,18300
965,20100
966,18350
967,17900
968,18600
969,20950
970,20550
971,21750
972,23950
973,23800
974,23650
975,27050
976,26900
977,30450
978,30100
979,31450
980,33650
981,34250
982,34700
983,38900
984,38650
985,43500
986,44550
987,49050
988,54800
989,59500
990,66050
991,65300
992,72200
993,81250
994,93550
995,107600
996,126650
997,152650
998,180250
999,205000
1000,151850
1001,2350
1002,1300
1003,500
1004,100
1006,50
1009,50
1010,50
1016,100
1017,50
1023,50
1035,50
1036,50
1087,50
1090,50
1148,50
1230,50
1250,50
1357,50
1373,50
1547,50
1552,50
1591,50
1627,50
1905,50
1978,50
1980,50
2236,50
2243,50
2602,50
3187,50
3373,50
3743,50
4109,50
4652,50
4680,50
5157,50
5922,50
6171,50
14192,50
40425,50
