1,236655
2,4295121
3,2624672
4,1736000
5,1252450
6,968200
7,749400
8,599550
9,503300
10,425350
11,362950
12,315000
13,277200
14,241500
15,210600
16,196700
17,178200
18,154600
19,143700
20,130500
21,113050
22,107150
23,98350
24,91850
25,84350
26,76150
27,73950
28,66750
29,64350
30,57750
31,58800
32,55550
33,51400
34,48800
35,47400
36,42400
37,40800
38,36900
39,39450
40,32500
41,34000
42,32850
43,31250
44,27750
45,28900
46,26900
47,25600
48,24250
49,23300
50,22200
51,22100
52,20100
53,21850
54,19350
55,15900
56,19650
57,16900
58,17050
59,16250
60,14650
61,15100
62,15200
63,11950
64,13350
65,13900
66,11800
67,10650
68,12000
69,11800
70,10650
71,9200
72,11500
73,10550
74,8750
75,9050
76,8450
77,8650
78,9150
79,7600
80,9050
81,8150
82,8500
83,7900
84,8450
85,7150
86,6600
87,7150
88,6200
89,5950
90,5550
91,6150
92,6750
93,6650
94,5850
95,5600
96,5300
97,6300
98,4800
99,5800
100,5100
101,4700
102,4950
103,5600
104,4850
105,4750
106,5300
107,4050
108,4750
109,4700
110,4000
111,3900
112,3300
113,4100
114,4050
115,3550
116,4150
117,3750
118,3250
119,3500
120,3500
121,3350
122,2900
123,2900
124,3050
125,3050
126,3250
127,3400
128,3600
129,3150
130,2900
131,2850
132,3000
133,3000
134,2650
135,2950
136,2250
137,2600
138,3050
139,2100
140,2600
141,2050
142,2600
143,1800
144,2050
145,2300
146,2400
147,2750
148,2550
149,1950
150,1750
151,2300
152,2250
153,1800
154,1450
155,2050
156,2000
157,1950
158,2000
159,1750
160,1650
161,1850
162,1600
163,1200
164,1600
165,1800
166,1200
167,1750
168,1550
169,1100
170,1650
171,1300
172,1300
173,1750
174,1500
175,1850
176,1450
177,1500
178,1350
179,1700
180,1500
181,1500
182,1150
183,1600
184,1400
185,1650
186,800
187,1950
188,1300
189,1550
190,900
191,1250
192,1100
193,950
194,1150
195,1100
196,900
197,1400
198,1300
199,1000
200,850
201,1150
202,1100
203,900
204,750
205,950
206,1000
207,1000
208,950
209,1000
210,550
211,500
212,900
213,1000
214,950
215,1150
216,950
217,1000
218,750
219,800
220,700
221,900
222,800
223,1100
224,1300
225,950
226,750
227,750
228,900
229,600
230,1150
231,750
232,600
233,1000
234,800
235,400
236,950
237,650
238,450
239,1000
240,500
241,700
242,600
243,450
244,500
245,600
246,800
247,450
248,700
249,1000
250,900
251,650
252,1150
253,600
254,950
255,700
256,300
257,700
258,600
259,600
260,650
261,650
262,650
263,900
264,400
265,400
266,550
267,700
268,700
269,450
270,850
271,550
272,500
273,400
274,700
275,500
276,750
277,300
278,350
279,200
280,500
281,250
282,400
283,550
284,600
285,550
286,200
287,600
288,800
289,400
290,350
291,500
292,450
293,450
294,300
295,400
296,250
297,250
298,500
299,300
300,550
301,350
302,500
303,550
304,400
305,450
306,450
307,450
308,550
309,250
310,400
311,500
312,400
313,100
314,550
315,550
316,300
317,350
318,700
319,200
320,450
321,500
322,400
323,350
324,300
325,550
326,150
327,400
328,600
329,400
330,450
331,50
332,250
333,400
334,400
335,200
336,200
337,300
338,250
339,350
340,150
341,300
342,200
343,250
344,150
345,250
346,350
347,350
348,450
349,200
350,150
351,500
352,500
353,150
354,250
355,200
356,300
357,250
358,350
359,300
360,250
361,150
362,150
363,300
364,250
365,300
366,450
367,250
368,150
369,450
370,250
371,300
372,300
373,300
374,500
375,250
376,50
377,100
378,100
379,250
380,300
381,250
382,150
383,150
384,400
385,100
386,50
387,50
388,150
389,100
390,150
391,150
392,300
393,200
394,300
395,150
396,150
397,100
398,150
399,250
400,200
401,200
402,200
403,300
404,350
405,100
407,300
408,150
409,150
410,350
411,250
412,200
413,50
414,100
415,150
416,50
417,150
418,150
419,150
420,150
421,50
422,250
424,150
425,150
426,50
428,150
429,100
430,100
431,300
432,100
433,200
434,150
435,150
436,100
437,200
438,50
439,250
440,50
441,200
442,150
443,50
444,250
445,100
446,200
447,50
448,200
449,300
450,150
451,50
452,300
453,100
454,50
455,150
456,150
457,150
458,50
459,150
460,50
461,50
462,250
463,100
464,150
465,100
466,100
467,200
468,100
469,200
470,300
471,200
472,150
474,200
475,250
477,150
478,150
480,50
482,150
483,250
484,250
485,200
486,200
487,300
488,50
489,100
490,100
492,150
494,100
495,100
496,250
497,100
498,50
499,50
500,200
501,300
502,100
503,50
504,50
505,200
506,50
507,250
508,50
509,50
510,50
511,200
513,100
514,150
515,50
516,100
517,100
518,200
520,100
521,150
522,100
523,150
524,100
525,150
526,50
527,50
528,150
529,150
531,200
532,100
534,250
535,100
536,50
537,100
538,50
540,50
541,100
542,100
543,200
544,150
545,200
546,50
547,100
548,100
549,200
550,50
551,50
553,100
554,150
555,50
558,150
559,100
560,50
564,50
566,100
567,50
568,150
569,150
570,50
571,100
573,100
574,100
575,50
576,200
577,100
578,200
579,50
580,50
581,150
583,150
584,100
585,150
587,150
588,150
589,100
590,50
592,100
593,100
594,150
595,50
596,100
597,50
598,250
599,100
600,50
601,50
602,50
603,50
604,150
606,50
607,50
608,50
609,50
610,100
611,50
612,100
614,50
615,150
616,100
617,150
618,100
619,100
620,50
621,50
622,150
623,50
625,150
626,50
627,50
628,150
629,50
630,50
631,150
633,100
634,50
635,50
637,100
640,50
641,50
642,100
643,50
644,50
645,100
646,50
649,50
650,50
651,50
652,100
653,50
654,50
656,100
657,50
662,150
663,100
664,50
665,50
666,50
667,100
668,100
669,100
670,50
672,50
674,100
675,200
676,50
677,50
678,50
680,150
682,50
685,50
686,50
687,50
688,50
690,50
691,100
693,100
695,100
696,50
698,50
700,50
701,50
702,50
704,50
707,50
708,150
710,100
712,50
713,100
714,100
715,50
716,200
717,50
721,50
728,50
729,100
731,50
733,100
736,50
738,50
740,100
742,50
744,150
745,50
748,50
752,50
753,50
755,150
758,50
764,50
766,50
767,50
768,50
770,50
775,100
776,50
777,50
779,50
780,50
782,50
783,100
788,50
789,50
791,100
796,50
799,100
800,50
801,150
803,50
805,50
807,50
808,50
811,50
813,100
814,50
815,50
817,50
819,100
821,50
822,100
823,50
824,100
825,100
826,200
828,50
832,50
834,50
835,50
836,50
837,50
839,50
840,100
841,50
842,100
844,50
846,100
847,50
850,150
851,50
852,50
854,50
857,100
866,50
870,100
871,100
872,50
873,100
874,50
875,50
879,50
880,50
881,50
882,50
883,100
884,100
896,50
898,50
899,50
902,50
903,50
907,50
908,50
911,50
912,100
914,50
916,50
918,100
923,50
926,100
927,50
928,50
929,50
935,50
942,50
945,100
947,50
950,100
952,50
957,50
959,50
968,100
974,50
977,50
979,100
980,50
984,50
986,50
993,50
994,50
996,50
1002,50
1003,50
1004,50
1008,50
1009,100
1010,50
1011,50
1016,50
1021,50
1026,50
1029,50
1030,50
1033,50
1037,50
1041,50
1042,50
1048,100
1051,50
1052,100
1057,50
1064,100
1065,50
1067,100
1074,50
1079,100
1084,50
1095,100
1099,50
1106,50
1110,50
1112,50
1117,100
1119,50
1122,50
1127,50
1130,50
1133,50
1143,50
1147,50
1148,100
1158,50
1160,150
1161,50
1163,50
1166,100
1172,50
1175,50
1181,50
1192,50
1196,50
1201,50
1205,50
1215,50
1218,50
1221,50
1242,50
1253,100
1254,50
1259,50
1260,50
1268,100
1274,50
1276,50
1278,50
1291,50
1302,100
1307,50
1321,50
1322,50
1329,50
1331,50
1333,50
1338,50
1339,50
1342,50
1350,50
1353,50
1355,50
1356,50
1357,50
1363,50
1366,50
1375,50
1380,50
1385,50
1387,50
1388,50
1389,50
1393,50
1397,50
1409,50
1435,50
1446,50
1451,50
1454,50
1461,100
1468,100
1482,50
1491,50
1515,50
1518,50
1520,50
1521,50
1525,50
1585,50
1622,50
1624,50
1626,50
1636,50
1641,50
1643,50
1650,50
1654,50
1670,50
1681,50
1688,50
1705,50
1714,50
1718,50
1722,50
1751,50
1761,50
1779,50
1783,50
1817,50
1831,50
1852,100
1853,50
1860,50
1864,50
1879,50
1919,50
1948,100
1966,50
1975,50
1981,50
2022,50
2030,50
2055,50
2078,50
2095,50
2121,50
2132,50
2140,100
2172,50
2173,50
2182,50
2189,50
2266,50
2323,50
2340,50
2366,50
2378,50
2396,50
2404,50
2447,50
2615,50
2619,50
2627,50
2666,50
2698,50
2738,50
2774,50
2776,50
2780,50
2898,50
2911,50
2935,50
3067,50
3078,50
3087,50
3109,50
3125,50
3583,50
3593,50
3614,50
3623,50
3765,50
3853,50
3889,50
3946,50
4040,50
4215,50
4296,50
4387,50
4665,50
4876,50
4911,50
5692,50
7432,50
7644,50
7944,50
11608,50
