1,54024
2,852932
3,524917
4,347200
5,250490
6,193640
7,149880
8,119910
9,100660
10,85070
11,72590
12,63000
13,55440
14,48300
15,42120
16,39340
17,35640
18,30920
19,28740
20,26100
21,22610
22,21430
23,19670
24,18370
25,16870
26,15230
27,14790
28,13350
29,12870
30,11550
31,11760
32,11110
33,10280
34,9760
35,9480
36,8480
37,8160
38,7380
39,7890
40,6500
41,6800
42,6570
43,6250
44,5550
45,5780
46,5380
47,5120
48,4850
49,4660
50,4440
51,4420
52,4020
53,4370
54,3870
55,3180
56,3930
57,3380
58,3410
59,3250
60,2930
61,3020
62,3040
63,2390
64,2670
65,2780
66,2360
67,2130
68,2400
69,2360
70,2130
71,1840
72,2300
73,2110
74,1750
75,1810
76,1690
77,1730
78,1830
79,1520
80,1810
81,1630
82,1700
83,1580
84,1690
85,1430
86,1320
87,1430
88,1240
89,1190
90,1110
91,1230
92,1350
93,1330
94,1170
95,1120
96,1060
97,1260
98,960
99,1160
100,1020
101,940
102,990
103,1120
104,970
105,950
106,1060
107,810
108,950
109,940
110,800
111,780
112,660
113,820
114,810
115,710
116,830
117,750
118,650
119,700
120,700
121,670
122,580
123,580
124,610
125,610
126,650
127,680
128,720
129,630
130,580
131,570
132,600
133,600
134,530
135,590
136,450
137,520
138,610
139,420
140,520
141,410
142,520
143,360
144,410
145,460
146,480
147,550
148,510
149,390
150,350
151,460
152,450
153,360
154,290
155,410
156,400
157,390
158,400
159,350
160,330
161,370
162,320
163,240
164,320
165,360
166,240
167,350
168,310
169,220
170,330
171,260
172,260
173,350
174,300
175,370
176,290
177,300
178,270
179,340
180,300
181,300
182,230
183,320
184,280
185,330
186,160
187,390
188,260
189,310
190,180
191,250
192,220
193,190
194,230
195,220
196,180
197,280
198,260
199,200
200,170
201,230
202,220
203,180
204,150
205,190
206,200
207,200
208,190
209,200
210,110
211,100
212,180
213,200
214,190
215,230
216,190
217,200
218,150
219,160
220,140
221,180
222,160
223,220
224,260
225,190
226,150
227,150
228,180
229,120
230,230
231,150
232,120
233,200
234,160
235,80
236,190
237,130
238,90
239,200
240,100
241,140
242,120
243,90
244,100
245,120
246,160
247,90
248,140
249,200
250,180
251,130
252,230
253,120
254,190
255,140
256,60
257,140
258,120
259,120
260,130
261,130
262,130
263,180
264,80
265,80
266,110
267,140
268,140
269,90
270,170
271,110
272,100
273,80
274,140
275,100
276,150
277,60
278,70
279,40
280,100
281,50
282,80
283,110
284,120
285,110
286,40
287,120
288,160
289,80
290,70
291,100
292,90
293,90
294,60
295,80
296,50
297,50
298,100
299,60
300,110
301,70
302,100
303,110
304,80
305,90
306,90
307,90
308,110
309,50
310,80
311,100
312,80
313,20
314,110
315,110
316,60
317,70
318,140
319,40
320,90
321,100
322,80
323,70
324,60
325,110
326,30
327,80
328,120
329,80
330,90
331,10
332,50
333,80
334,80
335,40
336,40
337,60
338,50
339,70
340,30
341,60
342,40
343,50
344,30
345,50
346,70
347,70
348,90
349,40
350,30
351,100
352,100
353,30
354,50
355,40
356,60
357,50
358,70
359,60
360,50
361,30
362,30
363,60
364,50
365,60
366,90
367,50
368,30
369,90
370,50
371,60
372,60
373,60
374,100
375,50
376,10
377,20
378,20
379,50
380,60
381,50
382,30
383,30
384,80
385,20
386,10
387,10
388,30
389,20
390,30
391,30
392,60
393,40
394,60
395,30
396,30
397,20
398,30
399,50
400,40
401,40
402,40
403,60
404,70
405,20
407,60
408,30
409,30
410,70
411,50
412,40
413,10
414,20
415,30
416,10
417,30
418,30
419,30
420,30
421,10
422,50
424,30
425,30
426,10
428,30
429,20
430,20
431,60
432,20
433,40
434,30
435,30
436,20
437,40
438,10
439,50
440,10
441,40
442,30
443,10
444,50
445,20
446,40
447,10
448,40
449,60
450,30
451,10
452,60
453,20
454,10
455,30
456,30
457,30
458,10
459,30
460,10
461,10
462,50
463,20
464,30
465,20
466,20
467,40
468,20
469,40
470,60
471,40
472,30
474,40
475,50
477,30
478,30
480,10
482,30
483,50
484,50
485,40
486,40
487,60
488,10
489,20
490,20
492,30
494,20
495,20
496,50
497,20
498,10
499,10
500,40
501,60
502,20
503,10
504,10
505,40
506,10
507,50
508,10
509,10
510,10
511,40
513,20
514,30
515,10
516,20
517,20
518,40
520,20
521,30
522,20
523,30
524,20
525,30
526,10
527,10
528,30
529,30
531,40
532,20
534,50
535,20
536,10
537,20
538,10
540,10
541,20
542,20
543,40
544,30
545,40
546,10
547,20
548,20
549,40
550,10
551,10
553,20
554,30
555,10
558,30
559,20
560,10
564,10
566,20
567,10
568,30
569,30
570,10
571,20
573,20
574,20
575,10
576,40
577,20
578,40
579,10
580,10
581,30
583,30
584,20
585,30
587,30
588,30
589,20
590,10
592,20
593,20
594,30
595,10
596,20
597,10
598,50
599,20
600,10
601,10
602,10
603,10
604,30
606,10
607,10
608,10
609,10
610,20
611,10
612,20
614,10
615,30
616,20
617,30
618,20
619,20
620,10
621,10
622,30
623,10
625,30
626,10
627,10
628,30
629,10
630,10
631,30
633,20
634,10
635,10
637,20
640,10
641,10
642,20
643,10
644,10
645,20
646,10
649,10
650,10
651,10
652,20
653,10
654,10
656,20
657,10
662,30
663,20
664,10
665,10
666,10
667,20
668,20
669,20
670,10
672,10
674,20
675,40
676,10
677,10
678,10
680,30
682,10
685,10
686,10
687,10
688,10
690,10
691,20
693,20
695,20
696,10
698,10
700,10
701,10
702,10
704,10
707,10
708,30
710,20
712,10
713,20
714,20
715,10
716,40
717,10
721,10
728,10
729,20
731,10
733,20
736,10
738,10
740,20
742,10
744,30
745,10
748,10
752,10
753,10
755,30
758,10
764,10
766,10
767,10
768,10
770,10
775,20
776,10
777,10
779,10
780,10
782,10
783,20
788,10
789,10
791,20
796,10
799,20
800,10
801,30
803,10
805,10
807,10
808,10
811,10
813,20
814,10
815,10
817,10
819,20
821,10
822,20
823,10
824,20
825,20
826,40
828,10
832,10
834,10
835,10
836,10
837,10
839,10
840,20
841,10
842,20
844,10
846,20
847,10
850,30
851,10
852,10
854,10
857,20
866,10
870,20
871,20
872,10
873,20
874,10
875,10
879,10
880,10
881,10
882,10
883,20
884,20
896,10
898,10
899,10
902,10
903,10
907,10
908,10
911,10
912,20
914,10
916,10
918,20
923,10
926,20
927,10
928,10
929,10
935,10
942,10
945,20
947,10
950,20
952,10
957,10
959,10
968,20
974,10
977,10
979,20
980,10
984,10
986,10
993,10
994,10
996,10
1002,10
1003,10
1004,10
1008,10
1009,20
1010,10
1011,10
1016,10
1021,10
1026,10
1029,10
1030,10
1033,10
1037,10
1041,10
1042,10
1048,20
1051,10
1052,20
1057,10
1064,20
1065,10
1067,20
1074,10
1079,20
1084,10
1095,20
1099,10
1106,10
1110,10
1112,10
1117,20
1119,10
1122,10
1127,10
1130,10
1133,10
1143,10
1147,10
1148,20
1158,10
1160,30
1161,10
1163,10
1166,20
1172,10
1175,10
1181,10
1192,10
1196,10
1201,10
1205,10
1215,10
1218,10
1221,10
1242,10
1253,20
1254,10
1259,10
1260,10
1268,20
1274,10
1276,10
1278,10
1291,10
1302,20
1307,10
1321,10
1322,10
1329,10
1331,10
1333,10
1338,10
1339,10
1342,10
1350,10
1353,10
1355,10
1356,10
1357,10
1363,10
1366,10
1375,10
1380,10
1385,10
1387,10
1388,10
1389,10
1393,10
1397,10
1409,10
1435,10
1446,10
1451,10
1454,10
1461,20
1468,20
1482,10
1491,10
1515,10
1518,10
1520,10
1521,10
1525,10
1585,10
1622,10
1624,10
1626,10
1636,10
1641,10
1643,10
1650,10
1654,10
1670,10
1681,10
1688,10
1705,10
1714,10
1718,10
1722,10
1751,10
1761,10
1779,10
1783,10
1817,10
1831,10
1852,20
1853,10
1860,10
1864,10
1879,10
1919,10
1948,20
1966,10
1975,10
1981,10
2022,10
2030,10
2055,10
2078,10
2095,10
2121,10
2132,10
2140,20
2172,10
2173,10
2182,10
2189,10
2266,10
2323,10
2340,10
2366,10
2378,10
2396,10
2404,10
2447,10
2615,10
2619,10
2627,10
2666,10
2698,10
2738,10
2774,10
2776,10
2780,10
2898,10
2911,10
2935,10
3067,10
3078,10
3087,10
3109,10
3125,10
3583,10
3593,10
3614,10
3623,10
3765,10
3853,10
3889,10
3946,10
4040,10
4215,10
4296,10
4387,10
4665,10
4876,10
4911,10
5692,10
7432,10
7644,10
7944,10
11608,10
