10,50
20,50
22,50
25,100
26,300
27,500
28,1300
29,1650
30,3750
31,5250
32,9450
33,13700
34,17950
35,25000
36,38700
37,50450
38,66200
39,85700
40,109850
41,130350
42,162650
43,185700
44,201100
45,230450
46,252050
47,266850
48,266600
49,280650
50,273900
51,276800
52,267000
53,249550
54,231850
55,210400
56,189000
57,167600
58,142650
59,121450
60,102700
61,80250
62,66000
63,51500
64,43900
65,31750
66,24250
67,19250
68,13100
69,8350
70,6400
71,4750
72,3650
73,2700
74,1550
75,900
76,500
77,600
78,100
79,100
80,150
81,150
84,50
